63.75000000000000000
54.64285714398664750
46.83673469769388175
40.14577260520537725
34.41066225114362950
29.49485340379089600
25.28130303269213550
21.66968860411920425
18.57401953576803375
15.92059001994159600
13.64622467306952450
11.69677574597262937
10.02583738627045800
8.59364954455394875
7.36617348233906625
6.31433699892528000
5.41348080637637890
4.64310754779203525
3.98714703481669600
3.43485570794795642
2.98061466122288627
2.61612889463996855
2.32301891161381020
2.09412462349805407
1.94123016699298102
1.87304154978491740
1.86037914869609640
1.85993949861630937
1.85993888878629667
1.85993888878493020
1.85993888878493020
1.85993888878493020
