51.25000000000000000
43.92857142977938625
37.65306122857121175
32.27405248931339750
27.66347358163706175
23.71154883310029400
20.32418483724208250
17.42073017104690250
14.93205521542612325
12.79890644505014525
10.97049621802275250
9.40329502873029550
8.05999882887062400
6.90865025919263850
5.92190150704642537
5.07642293688524587
4.35249750654517732
3.73392314493679615
3.20852017563259090
2.76978408192882282
2.41971359751577030
2.16781803258795040
2.01364768605566495
1.92860360033459122
1.88116643582251625
1.86252524816237392
1.85998141446240330
1.85993890044977985
1.85993888878493107
1.85993888878493020
1.85993888878493020
1.85993888878493020
