46
39.428571429732465
33.79591837126981
28.967930039899546
24.829654338529963
21.282560908539875
18.242195182834855
15.636167598062947
13.402430122448948
11.487799145792264
9.84668976809651
8.440031869666097
7.234343462979151
6.200942561196073
5.315287108495708
4.556448168062918
3.906756233824458
3.3517420187089995
2.8806800769972827
2.4884039872424295
2.1792482424689688
1.9706228120795424
1.8769381614270157
1.860393862519095
1.8599392224509632
1.8599388887851098
1.8599388887849302
1.8599388887849302
1.8599388887849302
1.8599388887849302
1.8599388887849302
1.8599388887849302
