11.77656571331387765
10.09419918204365040
8.65217072545672082
7.41614633103914358
6.35669684240029284
5.44859726126937239
4.67022614270697079
4.00305077461074121
3.43118586167678242
2.94101515029317262
2.52086684423000605
2.16073472688975883
1.85203745257395686
1.58740801366935358
1.36050267820323248
1.16581057409386338
.99842398759612268
.85367901639055597
.72647528792574800
.61000757370881688
.49439377542257895
.36964767502975097
.23765931264307546
.11774491703110444
.03676461691039524
.00447970583242917
.00007365663398499
.00000002000000000
0
0
0
0
