15.61049326574916401
13.38042279740760921
11.46893382179541969
9.83051469291268792
8.42615542211121029
7.22241886021993030
6.19064455320663381
5.30626629559770076
4.54822708259485125
3.89847740425842103
3.34154461635247929
2.86416232789046611
2.45494894738907289
2.10412261124832680
1.80323283159087105
1.54487032485207678
1.32226938235576471
1.12861183008238612
.95567829080209492
.79172385956852730
.62180082587840237
.44223828851425570
.27646059800037140
.14469894694545655
.05476374176182577
.01050654144840489
.00042982581434809
.00000068939103562
0
0
0
0
