50.00000000000000000
42.85714285877889750
36.73469388307882000
31.48688048161333325
26.98875472475798000
23.13321840165481350
19.82847308250459425
16.99583449132662500
14.56785919603963700
12.48673912822448450
10.70292599677055625
9.17395357435455062
7.86343165875557000
6.74019239871684575
5.77758033820864275
4.95289851541967025
4.24706960329063265
3.64467465458271337
3.13472026926072707
2.71251713000285385
2.38111473024599512
2.14399862853999830
1.98977747337305405
1.90134954621480845
1.86633430331315297
1.86016406986167280
1.85993921253687735
1.85993888878560642
1.85993888878493020
1.85993888878493020
1.85993888878493020
1.85993888878493020
