50.50000000000000000
43.28571428672796875
37.10204081975153200
31.80174928051835125
27.25864225669771550
23.36455054672594150
20.02675771482833825
17.16579258760316850
14.71353716081438600
12.61160493779556475
10.80995126811491825
9.26568305229748950
7.94204061435250075
6.80753038013010275
5.83519496502844950
5.00202153881418937
4.28852005640380000
3.67857401060220780
3.15982622720748367
2.72515132276668270
2.37578115710343395
2.12329052793148655
1.97503124295326160
1.90259980748609910
1.86917361434944925
1.86046116993933560
1.85994064344015540
1.85993888880479397
1.85993888878493020
1.85993888878493020
1.85993888878493020
1.85993888878493020
