56
48.00000000035667
41.14285714406225
35.26530612574984
30.227405256361543
25.909204519873487
22.207889624826702
19.03533405583287
16.316000850507592
13.9851441692055
11.98726790099693
10.274804765414196
8.806984861911971
7.54886774113094
6.470517506972563
5.546307748261993
4.75435596298771
4.076114704715837
3.4962109636646628
3.0027751719112104
2.588812973893018
2.255524238858101
2.0168490339909098
1.8921654789892888
1.861539546499431
1.8599430118827278
1.8599388888123503
1.8599388887849302
1.8599388887849302
1.8599388887849302
1.8599388887849302
1.8599388887849302
