9.06917857360852719
7.77358163397621564
6.66306997060437589
5.71120282847876832
4.89531670138006231
4.19598572198945152
3.59655913467329670
3.08276483236618063
2.64236950275434952
2.26488725367347487
1.94132968358137095
1.66399120270096637
1.42626387898558521
1.22247585165142174
1.04774556371430079
.89783853717086797
.76899878999925893
.65769086158374038
.56010760584333644
.47117114014680632
.38290685982969430
.28449535704250828
.17320241134914216
.07309737688043265
.01599409128533128
.00090461749367343
.00000303915119729
0
0
0
0
0
