10.60660171779821286
9.09137289947237175
7.79260533862869182
6.67937599501671704
5.72517940028870498
4.90729656827126670
4.20625404869690074
3.60536022817078308
3.09030779618296942
2.64883280582828002
2.27042194626082054
1.94606038810015418
1.66801251158749965
1.42962604876286861
1.22514430020069170
1.04949529755735527
.89798761427285685
.76575511932957152
.64665726019025538
.53152594856594459
.40830945876317811
.27320635402402406
.14591722476354246
.05470286263336956
.01017404886264755
.00038764824871266
.00000056073166488
0
0
0
0
0
