70
60.0000000000935
51.42857142888734
44.08163265392652
37.7842565620076
32.38650562835825
27.759861976696744
23.794167432634687
20.39500071715755
17.481429338979726
14.984082675971214
12.843500408424688
11.008717086504504
9.436049396775397
8.088057923106842
6.932660371032633
5.942379399656602
5.0937178787019946
4.36667366804908
3.7444498200744736
3.213519259772104
2.7644337400745402
2.394161152563284
2.110546140386539
1.9334977669997795
1.8678218696369693
1.8600379980055963
1.8599389046261636
0
