59.75000000000000000
51.21428571488705000
43.89795918570524575
37.62682216299957400
32.25156186364145225
27.64419590743430650
23.69502512482357400
20.31002169016007250
17.40859040997304525
14.92164990585396250
12.78998811239502725
10.96285320408121900
9.39674707929344175
8.05439438278868900
6.90386682258425350
5.91785275429412125
5.07308172588978150
4.34995705142326317
3.73254491324498390
3.20923787628664417
2.77441100918718050
2.42951766185381882
2.17638800247004455
2.00613787714779742
1.90673401488373717
1.86663711682992275
1.86012393951657332
1.85993907901210205
1.85993888878516072
1.85993888878493020
1.85993888878493020
1.85993888878493020
