62.00000000000000000
53.14285714347076400
45.55102041023655900
39.04373178410456375
33.46605582478563850
28.68519073176907300
24.58730640407777800
21.07483421839464000
18.06414401356982250
15.48355301474125175
13.27161939924283550
11.37568014911497850
9.75059906851720900
8.35769689956459775
7.16384245253662425
6.14069414288749012
5.26410142762965462
4.51371939082490732
3.87298318859462000
3.32973500862211417
2.87764282209090215
2.51617375172844105
2.24251472754088245
2.04721190050850422
1.92644921253989577
1.87188549892179567
1.86042013327567795
1.85993984936818835
1.85993888878997392
1.85993888878493020
1.85993888878493020
1.85993888878493020
