13.61983847187623587
11.67414726087242271
10.00641193603528257
8.57692451192313472
7.35164956985088172
6.30141388726610512
5.40121182835524394
4.62960994942864815
3.96823662251560158
3.40134447364043877
2.91543508725338773
2.49893671243091880
2.14192646827068512
1.83588834514062361
1.57349597937514723
1.34840182067401177
1.15499478210758277
.98804073627123333
.84201817008813701
.70983587159552248
.58108900914657672
.44398351011209830
.30026795380255341
.16943829786507488
.06703157506821579
.01294439838658869
.00060426461528869
.00000148467841635
0
0
0
0
