12.39707626821743804
10.62606537214072833
9.10805603170745024
7.80690516611122161
6.69163298962970707
5.73568539473313601
4.91630170400087685
4.21397273049993907
3.61197622610282187
3.09597861362305362
2.65369341084573005
2.27458793795375866
1.94963062998121226
1.67107118557378090
1.43224390403641350
1.22737843842667834
1.05138578556212278
.89954678061342516
.76694072486799779
.64731900220673160
.53136867713597488
.40723077324041909
.27230774147640165
.14495197863372800
.05135113760539429
.00855172371914282
.00028949671068943
.00000032663435214
0
0
0
0
