57.50000000000000000
49.28571428621344350
42.24489796087021500
36.20991254106269950
31.03706790034296525
26.60320107761868325
22.80274383170711475
19.54520912693443475
16.75303671811131625
14.35974657436932200
12.30835626421792125
10.55002484356916825
9.04289152077330825
7.75108286577089025
6.64386849888645662
5.69495415177431125
4.88191783529993425
4.18583173936378400
3.59119593379474920
3.08647810076163810
2.66571997464872577
2.33077537379604917
2.08880599935194912
1.94050429758368405
1.87513158538998860
1.86078045351038802
1.85994262707246707
1.85993888887301660
1.85993888878493020
1.85993888878493020
1.85993888878493020
1.85993888878493020
