57.75000000000000000
49.50000000054879800
42.42857143042568250
36.36734694385443675
31.17201167496033075
26.71886717215475825
22.90188620351298275
19.63018831552913025
16.82587605479977150
14.42218037267356400
12.36187115309038875
10.59589526427191200
9.08221032528341500
7.78478797900942425
6.67276686918315687
5.71974504753908862
4.90321980126210762
4.20422338438880167
3.60729591457417780
3.10112985797252540
2.68045151767860150
2.34884132942835312
2.11553648156937595
1.97371699488458137
1.89721222113253950
1.86638970368253155
1.86019411181882510
1.85993930838913880
1.85993888878606615
1.85993888878493020
1.85993888878493020
1.85993888878493020
