45
38.57142857275327
33.06122449427177
28.338192432084753
24.289879248741478
20.819896552481264
17.845625751470813
15.296250984684397
13.111073131368123
11.238064849555041
9.632632474543515
8.256555890682261
7.07708262785151
6.066158376077662
5.199785077183411
4.457515157007699
3.822129560578931
3.279639309303095
2.819959080697621
2.4389821681815596
2.1428127182673418
1.950325146852888
1.871578626385506
1.8601538215545974
1.8599389632742542
1.8599388887849393
1.8599388887849302
1.8599388887849302
1.8599388887849302
1.8599388887849302
1.8599388887849302
1.8599388887849302
