11.38804197393037360
9.76117883440277313
8.36672471420710518
7.17147832395353361
6.14698141420308134
5.26884119621590848
4.51614955651597130
3.87098523268499142
3.31798708642809798
2.84398828600736365
2.43770261815517589
2.08945528433033909
1.79095132699066584
1.53507505107165878
1.31571283972927690
1.12758803520184171
.96608612557808383
.82702187544689686
.70623694862303952
.59879136946493812
.49742933101031772
.39109055803912421
.27053658781291845
.14961700408753217
.05848518503751193
.01106636705719541
.00044202726725848
.00000072677369242
0
0
0
0
