8.20060973342836258
7.02909405676498370
6.02493776178316545
5.16423236432203395
4.42648487633974199
3.79412987543407389
3.25211127497045329
2.78752383188646015
2.38930584384265893
2.04797568670421862
1.75540583803659494
1.50462880097055879
1.28966979006538571
1.10540089095676096
.94740993498429105
.81187270304964429
.69540475121610643
.59483850070575807
.50680147009903621
.42685259916976719
.34800539543239933
.26045337399469884
.16137421219570021
.07223714501788896
.01795705934498185
.00127256175367641
.00000637480509505
0
0
0
0
0
