51.25000000000000000
43.92857142949357350
37.65306122760551500
32.27405248666828550
27.66347357478708625
23.71154881567293775
20.32418479316456650
17.42073005978654050
14.93205493477199300
12.79890573726266775
10.97049443318065725
9.40329052800021075
8.05998747992552325
6.90862164332909450
5.92182936318158412
5.07624112587961525
4.35203985331029687
3.73277505976981210
3.20566847661073900
2.76289888188986825
2.40432007681511112
2.13911238418570580
1.97493581098290950
1.89535239498615765
1.86595288969396447
1.86016304111984502
1.85993921253002237
1.85993888878560642
1.85993888878493020
1.85993888878493020
1.85993888878493020
1.85993888878493020
