55.75000000000000000
47.78571428649599150
40.95918367611058500
35.10787172735104325
30.09246149312046075
25.79353845428037100
22.10874732622377350
18.95035505201686350
16.24316197992323750
13.92271154637945175
11.93375597635612850
10.22894181947041500
8.76768490583512337
7.51521015516637675
6.44173897158847650
5.52181894852279275
4.73381515586255887
4.05963787024827062
3.48490592209688617
2.99997106494154505
2.60225605139310822
2.29782313047507272
2.09058341595892265
1.96129266903782632
1.89015586319884472
1.86419095653849482
1.86005032562427552
1.85993896883370702
1.85993888878497155
1.85993888878493020
1.85993888878493020
1.85993888878493020
