12.02861172371940850
10.31023861971410414
8.83734738677099086
7.57486918473875525
6.49274500560030093
5.56520997986121959
4.77017991985125053
4.08872548700943646
3.50462144613532618
3.00396023121534966
2.57482051270151113
2.20698259936118870
1.89168320360710217
1.62140197959846920
1.38967033879759451
1.19088689642225130
1.02010742354294363
.87273618568233650
.74395277157900292
.62755474316482701
.51402600722645562
.39039629780192110
.25343131081392178
.13012263563785706
.04631031743206355
.00725816109925027
.00019298227361599
.00000013863621460
0
0
0
0
