8.04285397107270622
6.89387483173956615
5.90903556852814940
5.06488762629796890
4.34133224135632828
3.72114189656103510
3.18955013501644892
2.73389995929711587
2.34334242779355444
2.00857822914021112
1.72163597390701463
1.47568165289746425
1.26485403986579181
1.08412039202975436
.92914466277290342
.79615416852768201
.68177435818634547
.58276186669544494
.49548252007465496
.41488353425921089
.33312708818736875
.24134692104727862
.14198551141921970
.05661468615722496
.01037328898398960
.00038823853858163
.00000056074058173
0
0
0
0
0
