67.50000000000000000
57.85714285730257525
49.59183673523353750
42.50728863121578100
36.43481882931736550
31.22984471730129050
26.76843834539963225
22.94437576569102750
19.66660790270870350
16.85709274913773125
14.44893730051888925
12.38480506068493250
10.61555138137273700
9.09905459792476925
7.79921627523806650
6.68510964477955687
5.73026322420134200
4.91208083706570725
4.21142993355159580
3.61250093951468575
3.10319810900501490
2.67659596274195917
2.33392324070015092
2.08600307462791880
1.93959137500781472
1.87544618394366257
1.86067853589437330
1.85994064985389550
1.85993888879493495
1.85993888878493020
1.85993888878493020
1.85993888878493020
