56.75000000000000000
48.64285714327329150
41.69387755242647850
35.73760933329738950
30.63223657807029700
26.25620279802874775
22.50531672645261075
19.29027158680400425
16.53451877275730250
14.17244534265381850
12.14781200914077225
10.41241461923605975
8.92493772421241137
7.64997412565016625
6.55719003391133650
5.62062347035720875
4.81811809079412562
4.13092618278357015
3.54358768094077757
3.04435512595972955
2.62671882033815172
2.29252956291065760
2.05372450674707387
1.91912404345950097
1.86871293380160367
1.86020942107893757
1.85993922638439415
1.85993888878560770
1.85993888878493020
1.85993888878493020
1.85993888878493020
1.85993888878493020
