61
52.285714285927796
44.81632653133364
38.413994171072154
32.926280721485234
28.22252634133413
24.190736885768626
20.734917385549437
17.77278646888457
15.23381732235705
13.057558584994096
11.192195292176477
9.593315846737243
8.22285626607514
7.048198097920107
6.041402382551425
5.1785711376200645
4.439345599733648
3.8065904445981817
3.2664073712673196
2.8088344597534185
2.42997176480355
2.1362629593534868
1.9468174585660551
1.8707425079676308
1.8601242716978474
1.8599389442023835
1.8599388887849353
1.8599388887849302
1.8599388887849302
1.8599388887849302
1.8599388887849302
