49
42.00000000079472
36.000000002685184
30.857142864497774
26.448979610883562
22.670553984318012
19.431903496154884
16.655917486733642
14.276501218121036
12.237002343261723
10.488862427356125
8.990461769966998
7.7061309190910485
6.605307599513644
5.661824672799636
4.85332650572265
4.1608358444718
3.5685505936554884
3.0640841468397175
2.639649785835653
2.295074284895394
2.0424748465852502
1.9022065932035246
1.862654439674335
1.8599507369160884
1.8599388890113504
1.8599388887849302
1.8599388887849302
1.8599388887849302
1.8599388887849302
1.8599388887849302
1.8599388887849302
