6.01560470775798233
5.15623260640233307
4.41962794772108589
3.78825252504515750
3.24707358892954081
2.78320592336663134
2.38560505195123570
2.04480426664809064
1.75268921104775114
1.50230463366067923
1.28768866629973806
1.10373057125824602
.94604829158829400
.81088218630280378
.69500064938040955
.59561090669245099
.51026167640417352
.43670754635382938
.37266453304661763
.31530208356445194
.26022835005810356
.20024217557712518
.12811737751783803
.05367414163619312
.00979746110700522
.00036929313737192
.00000055319978308
0
0
0
0
0
