8.52936105461599040
7.31088090385271673
6.26646934589761871
5.37125943868051739
4.60393666006112724
3.94623141871095712
3.38248406259356222
2.89927202695451940
2.48509024149803521
2.13007718009927215
1.82578001202350844
1.56495321660948071
1.34138574951437989
1.14975235038126850
.98548470774755978
.84465753875781905
.72388214987960693
.62019308667954347
.53089562827409149
.45329860939994970
.38416398600358797
.31858455074529223
.24840721180646487
.16425818192309130
.07381146587680162
.01544601704341413
.00073963874373237
.00000176106785786
0
0
0
0
