45.00000000000000000
38.57142857446610350
33.06122450005903675
28.33819244793647275
24.28987928979221275
20.81989665692041125
17.84562601561975500
15.29625165144840525
13.11107481327871950
11.23806909119436050
9.63264317072788375
8.25658286228836100
7.07715063646500600
6.06632983888823850
5.20021722181263262
4.45860322939701425
3.82486119681842112
3.28643905137075000
2.83647392215994475
2.47642036320026452
2.21387760032374152
2.04267917211523410
1.93708019889631962
1.88205869571837057
1.86264082435505437
1.85998523452001452
1.85993890263929352
1.85993888878493147
1.85993888878493020
1.85993888878493020
1.85993888878493020
1.85993888878493020
