57.50000000000000000
49.28571428693195000
42.24489796329788050
36.20991254771225250
31.03706791756312325
26.60320112142931200
22.80274394251356450
19.54520940663178175
16.75303742364736825
14.35974835367415100
12.30836075111841700
10.55003615785442812
9.04292005015428500
7.75115479778632950
6.64404982134360375
5.69541091023139625
4.88306614072675790
4.18870184713420375
3.59824935326491525
3.10300422100532757
2.69988406295530587
2.38456331941451032
2.14531347111155212
1.98208000811491532
1.89730207119373940
1.86636830661366442
1.86019409997224217
1.85993930838913752
1.85993888878606615
1.85993888878493020
1.85993888878493020
1.85993888878493020
