10.55935604097143795
9.05087660419820861
7.75789422624724969
6.64962360756294609
5.69967734025137912
4.88543762525173286
4.18751772503844889
3.58930030333966993
3.07654159450037398
2.63703181288885150
2.26030330065824346
1.93737841570902635
1.66054851278202493
1.42317209838508517
1.21947065080080108
1.04427574209772583
.89262132571867616
.75895181962945226
.63559859991336741
.51099187646867343
.37364021710652693
.23237432070025612
.11574802194486716
.03739419927355391
.00467750951747615
.00008027315198744
.00000002387467277
0
0
0
0
0
