13.51850583459577458
11.58729071377692698
9.93196346494004023
8.51311153126139460
7.29695271557297289
6.25453083474034161
5.36102626758087228
4.59516496321312639
3.93871179426905957
3.37603608014681584
2.89373865370649321
2.48033088126453504
2.12595620192397373
1.82214304401112359
1.56157189822975681
1.33782271390366253
1.14502749205559403
.97726168937472536
.82737471887751210
.68522775479565681
.53850197502632523
.38646655959892999
.25112996313250691
.14286332846871001
.05831143009952517
.01107848059244181
.00044203410630855
.00000072677369242
0
0
0
0
