50.00000000000000000
42.85714285881816875
36.73469388321151600
31.48688048197680600
26.98875472569925900
23.13321840404956725
19.82847308856144100
16.99583450661531100
14.56785923460539875
12.48673922548478325
10.70292624203756000
9.17395419285740400
7.86343321856426625
6.74019633322650275
5.77759026883230650
4.95292362521854747
4.24713342474345300
3.64483923992581962
3.13516056164027777
2.71377955646059640
2.38487464278770260
2.15284333191694137
1.99996205284072460
1.90589901997144032
1.86689086921343432
1.86016891240777735
1.85993921275257627
1.85993888878560642
1.85993888878493020
1.85993888878493020
1.85993888878493020
1.85993888878493020
