63.25000000000000000
54.21428571453696400
46.46938775595095600
39.83090379241269750
34.14077468323942350
29.26352116722083075
25.08301816894800000
21.49972992369191275
18.42834009747405700
15.79572049427414775
13.53919003078671300
11.60502263802119600
9.94716884670632725
8.52616133191210025
7.30818015813994950
6.26426000429559400
5.36963190959469025
4.60321250694017637
3.94729969756994702
3.38763876806890880
2.91423456915187375
2.52348733288383612
2.22102807433397820
2.01782600960837070
1.91025979009488957
1.86942215170431885
1.86046149764405987
1.85994064344083185
1.85993888880479397
1.85993888878493020
1.85993888878493020
1.85993888878493020
