57
57
57
57
57
57
57
57
57
57
57
57
57
57
57
57
57
57
57
57
57
57
57
57
57
57
57
57
57
57
57
57
57
57
57
57
57
57
57
57
57
57
57
57
57
57
57
57
57
57
57
57
57
57
57
57
57
57
57
57
57
57
57
57
57
57
57
57
57
57
57
57
57
57
57
57
57
57
57
57
57
57
57
57
57
57
57
57
57
57
57
57
57
57
57
57
57
57
57
48.857142857463586
41.87755102149184
35.89504373474671
30.76718034921124
26.371868883720296
22.604459075888787
19.375250718933188
16.60735796701154
14.234878781749988
12.201325992188893
10.45828275576032
8.964250768874328
7.683664714852298
6.586051781267556
5.6453220261723285
4.8391872799461995
4.148731372005466
3.558212713283576
3.055316635800553
2.6323652792042496
2.28937407944949
2.0387204210919885
1.9006703717427862
1.8624659729208395
1.8599491521650335
1.8599388889548316
0
