60
51.428571428807196
44.08163265385783
37.78425656194872
32.38650562830779
27.75986197665349
23.79416743259761
20.39500071712577
17.481429338952488
14.984082675947867
12.843500408404676
11.00871708648735
9.436049396760692
8.088057923094237
6.932660371021829
5.942379399647342
5.09371787869406
4.366673668042284
3.7444498200686636
3.213519259767161
2.7644337400703956
2.394161152559953
2.1105461403841717
1.9334977669985878
1.8678218696367266
1.8600379980055903
1.8599389046261636
1.8599388887849306
1.8599388887849302
1.8599388887849302
1.8599388887849302
1.8599388887849302
