38
38
38
38
38
38
38
38
38
38
38
38
38
38
38
38
38
38
38
38
38
38
38
38
38
38
38
38
38
38
38
38
38
38
38
38
38
38
38
38
38
38
38
38
38
38
38
38
38
38
38
38
38
38
38
38
38
38
38
38
38
38
38
38
38
38
38
38
38
38
38
38
38
38
38
38
38
38
38
38
38
38
38
38
38
38
38
38
38
38
38
38
38
38
38
38
38
38
38
32.57142857508192
27.918367359282595
23.93002918832955
20.51145364857459
17.581246132203916
15.069639914362039
12.916835151547843
11.071575355446084
9.489927705464533
8.1342388072043
6.97224266631162
5.976303753870978
5.122787507789014
4.391569352754407
3.765735768573256
3.231630906576831
2.7796267918010447
2.4063864465655604
2.1192670238350613
1.9379313414301091
1.8687485574624354
1.8600625062886638
1.8599389134286097
0
