11.20267825120403964
9.60229564245599665
8.23053911849118723
7.05474780673655444
6.04692666850880605
5.18307994363283797
4.44263980556678615
3.80797660774387794
3.26397902038618353
2.79769396032619998
2.39801748676292467
2.05542866296135721
1.76175843295692241
1.50998394298967172
1.29403317911003078
1.10856965374138165
.94868878181863629
.80936923497150888
.68436054994687034
.56418416494675345
.43499341404946561
.28899329027530616
.15019483259739650
.05451432998328898
.00995506778568282
.00038496824359939
.00000056060681408
0
0
0
0
0
