9.03811374126260927
7.74695463519701570
6.64024682973782815
5.69164013868836093
4.87854868756350031
4.18161315385742501
3.58423982873581171
3.07220552354170857
2.63331890936288929
2.25713021430382712
1.93468233619953629
1.65829736849702247
1.42139326397675725
1.21832578553063436
1.04425075675935300
.89500024893604305
.76696200395076311
.65693984754832903
.56194419713984059
.47879709053159984
.40332983111498613
.32904668730894321
.24703231207850271
.15466560940913173
.06921020568400580
.01585440838915315
.00090442844593699
.00000303915119729
0
0
0
0
