47.25000000000000000
40.50000000319343250
34.71428572507559000
29.75510207037055325
25.50437325437830125
21.86089149001188275
18.73790731702153875
16.06106423558781600
13.76662855789520575
11.79997255572075950
10.11427535438752375
8.66941206868084500
7.43100832730198000
6.36964672772269950
5.46022905344304275
4.68153561422075850
4.01610821372739322
3.45075900805922600
2.97820918480816040
2.59950209812950525
2.32038355481000270
2.12964182481997450
1.99939570907601800
1.91833390552119470
1.87571427278334947
1.86140826802088190
1.85995270219784755
1.85993889001590785
1.85993888878493025
1.85993888878493020
1.85993888878493020
1.85993888878493020
