54.00000000000000000
46.28571428696315050
39.67346939197473375
34.00583091534796300
29.14785509032260925
24.98387584219903200
21.41475084921172725
18.35550104896645450
15.73328742301985950
13.48567697557422550
11.55915684137866300
9.90786170247580350
8.49248562097597400
7.27935592397002300
6.23965601028405425
5.34880092877180875
4.58600620563015925
3.93417171936535622
3.38035754091215950
2.91721817841893352
2.54452084166661992
2.26455963528600960
2.06980152439800292
1.94670051466883487
1.88313638242059917
1.86255002546128157
1.85998141842271165
1.85993890044977995
1.85993888878493107
1.85993888878493020
1.85993888878493020
1.85993888878493020
