13.97095200764786823
11.97510171829194401
10.26437289496525620
8.79803389376160202
7.54117186806644165
6.46386149813571433
5.54045245279864303
4.74895858991293430
4.07053428168218956
3.48902521724903310
2.99058253569078066
2.56332996333269556
2.19707316025546147
1.88303713199584067
1.61360733478690600
1.38202332837856381
1.18190946531473770
1.00639615830324590
.84647459150814679
.68919251520759536
.52234273451268508
.35494375767386715
.21153190496036859
.09864327792991573
.02730619573603580
.00254503862949464
.00002392553280493
0
0
0
0
0
