12.54990039801113321
10.75705748276007734
9.22033498207224580
7.90314426240280222
6.77412363345421123
5.80639163529986731
4.97690698858373200
4.26591995470507705
3.65650200831251776
3.13414253602358252
2.68640273754337654
2.30261793046955688
1.97363976353657869
1.69160865536902467
1.44974212664648075
1.24211169761014954
1.06334823302342846
.90814071665707978
.77026588812219412
.64095854203254310
.50841189852060661
.36628230151436887
.22710553602635685
.11137036920298670
.03577229992217623
.00446558395858929
.00007365434780106
.00000002000000000
0
0
0
0
