57.50000000000000000
49.28571428704126500
42.24489796366722975
36.20991254872392650
31.03706792018302500
26.60320112809474025
22.80274395937186800
19.54520944918549525
16.75303753098918025
14.35974862438254450
12.30836143377551925
10.55003787931641775
9.04292439129885462
7.75116574633227600
6.64407744272652500
5.69548065896512125
4.88324274295703850
4.18915243328752492
3.59942260095828260
3.10619817451613677
2.70903821558714127
2.40902618209096095
2.19152482513488365
2.03182566360028662
1.92348237992032640
1.87175957422558457
1.86050369561613195
1.85994065510500517
1.85993888880479485
1.85993888878493020
1.85993888878493020
1.85993888878493020
