62.25000000000000000
53.35714285781539400
45.73469387982337225
39.20116618698214900
33.60099959962533600
28.80085682687079825
24.68644877731430500
21.15981341060060950
18.13698335936769500
15.54598683601852500
13.32513434604535225
11.42155071588522750
9.78991824126449925
8.39140294067732075
7.19274315751475875
6.16549088825204950
5.28541786583677900
4.53214547902263002
3.88915510829823300
3.34446372181919620
2.89191212888320785
2.53002018075488695
2.25261040720513655
2.05019320198862717
1.92545312171674892
1.87178435153074950
1.86050369957644030
1.85994065510500527
1.85993888880479485
1.85993888878493020
1.85993888878493020
1.85993888878493020
