16.77050983124842272
14.37472271116420835
12.32119089191865323
10.56102075601654392
9.05230348376064267
7.75911721784112255
6.65067176495557141
5.70057545546334494
4.88620666816028290
4.18817496269612361
3.58985875297912981
3.07700791754928880
2.63740038219766817
2.26054071129620061
1.93738400620656758
1.66005469550253884
1.42149471350438481
1.21489397674419086
1.03260773057880491
.86426524656916920
.69554356857025390
.51557038191476196
.33446662531407273
.17904920482963396
.07019546331914313
.01510362627861203
.00088280087820527
.00000303247588613
0
0
0
0
