13.69990875882025719
11.74277893525189706
10.06523908514036129
8.62734778166917516
7.39486951303905119
6.33845954703495227
5.43296523633583832
4.65682711925568277
3.99156553189037927
3.42134044632255752
2.93257389893870856
2.51362562595440689
2.15451319212302683
1.84666745139488785
1.58271122985531773
1.35624018717976766
1.16156145324024531
.99328935087760812
.84558176523721226
.71069279316032504
.57729891293445929
.43423968680717265
.28864048109403079
.16358393086270671
.06847334493360281
.01508428317977655
.00088279834446491
.00000303247588613
0
0
0
0
