65.50000000000000000
56.14285714308575900
48.12244898036428750
41.24781341319451375
35.35526864354668775
30.30451598942634025
25.97529944281685200
22.26454243833278575
19.08389366678076175
16.35762351668465150
14.02082109956473100
12.01784903316494450
10.30101944936590050
8.82946035272605712
7.56814697584394700
6.48707919590117125
5.56059581811003100
4.76683547930306557
4.08739619382807252
3.50734232947858002
3.01590686408065657
2.60845591846462015
2.28927241136674720
2.06775375834661232
1.93720274759799802
1.87541668808370432
1.86067853171846522
1.85994064985389540
1.85993888879493495
1.85993888878493020
1.85993888878493020
1.85993888878493020
