43.50000000000000000
37.28571428761204000
31.95918367988146100
27.39358602339402200
23.48021662190919650
20.12590003836603075
17.25077165493991625
14.78637619212680750
12.67403796639121200
10.86346421636015125
9.31154857973109325
7.98134708023558350
6.84120438131693787
5.86401489122293325
5.02661469260606650
4.30932386991231725
3.69571304239853677
3.17279361810080492
2.73209196199386020
2.37236226291757875
2.10340209993028250
1.94107459608517770
1.87568957779246330
1.86105174734196290
1.85994650183581662
1.85993888915851635
1.85993888878493020
1.85993888878493020
1.85993888878493020
1.85993888878493020
1.85993888878493020
1.85993888878493020
