76
65.14285714291422
55.83673469407042
47.86005830956619
41.022907123400586
35.16249182236564
30.139278710704723
25.833667480993924
22.143143592144003
18.979837458011055
16.268432342175192
13.94437117236756
11.952319643976107
10.244849182058832
8.781308812822612
7.5268601156596375
6.451654878476962
5.530142429578014
4.740506651948486
4.064260684510049
3.486092653179781
2.9942079867392812
2.581729132384744
2.2500581029113738
2.0133889091437647
1.890892177850957
1.8614181746380918
1.8599424109228606
1.8599388888049397
1.8599388887849302
1.8599388887849302
1.8599388887849302
