74
63.42857142863842
54.367346939001855
46.600583090998974
39.94335693621608
34.23716309089369
29.346139799024357
25.153834130671576
21.560429298289122
18.480368079470715
15.84031577282897
13.57741421588898
11.63778536948072
9.975249030034941
8.55022461909659
7.328792112411088
6.281892800816678
5.384658542126249
4.615872885029569
3.9575997587505354
3.395091233537602
2.9172608383572105
2.5183552992384395
2.2017114400934896
1.9837485793353937
1.8808541406879185
1.8606238380597993
1.859939644769707
0
