10.52378258992459421
9.02038507690500623
7.73175863691036761
6.62722168767891970
5.68047572951890952
4.86897918972716252
4.17341071639206158
3.57720914094751411
3.06617915137776303
2.62815327516653355
2.25270209326902017
1.93088570803506537
1.65504035247386704
1.41859456799967760
1.21590933327353281
1.04213521141857214
.89307524758620514
.76503063781036040
.65457668567939371
.55814727277746317
.47117208336940461
.38644954021753305
.29279959203752458
.18236618878817024
.07618705897258615
.01547548982038533
.00073964291962405
.00000176106785786
0
0
0
0
