75
64.2857142857761
55.10204081653536
47.230320700280444
40.483132029802796
34.69982745661558
29.74270925482892
25.493750805742835
21.85178644498975
18.730102768168873
16.054374056059622
13.760892690490877
11.79505249755623
10.110049082918087
8.66576665763783
7.427825966973019
6.366773468835735
5.4573995509922
4.678187412508948
4.010924291007851
3.440577064512745
2.9556974510307645
2.5499530159025183
2.225686875477351
1.9982232135894114
1.8855567654324281
1.8609597255030565
1.8599405672017595
1.859938888789474
0
