58.75000000000000000
50.35714285776646750
43.16326530822949400
36.99708455387629875
31.71178677046441975
27.18153154275472450
23.29845567165524250
19.97010502174318200
17.11723328005804025
14.67191525948771325
12.57592993591291100
10.77937499865553475
9.23948062992821500
7.91959604095629525
6.78832909566720512
5.81882974973436675
4.98822825239157500
4.27728339923604757
3.67039135690756765
3.15625667526428467
2.72939028038279015
2.39028630662305237
2.13801391952111462
1.96777268806741782
1.88233159807591695
1.86124434246948307
1.85994434217266245
1.85993888889286827
1.85993888878493020
1.85993888878493020
1.85993888878493020
1.85993888878493020
