56.75000000000000000
48.64285714370271900
41.69387755387742075
35.73760933727162775
30.63223658836227125
26.25620282421305875
22.50531679267834050
19.29027175397083650
16.53451919443543300
14.17244640609261325
12.14781469083576100
10.41242138150466050
8.92495477578966025
7.65001712033593300
6.55729842759501875
5.62089662894954550
4.81880563727011545
4.13265064125666477
3.54786840871897682
3.05467029344533385
2.64961743401511072
2.33402613393594370
2.10448017831818552
1.95604116838794630
1.88410809595801632
1.86257197079813600
1.85998142831768322
1.85993890044978112
1.85993888878493107
1.85993888878493020
1.85993888878493020
1.85993888878493020
