10.03431612019473901
8.60084238795842255
7.37215061628339203
6.31898623756937536
5.41627390541124559
4.64252045881864930
3.97930317089940863
3.41083108883126790
2.92356899909860300
2.50591500997317361
2.14792393641801215
1.84106955283835060
1.57803917438624768
1.35255346138396818
1.15920158047411723
.99327379756399455
.85055266067292891
.72697320029326435
.61795462583091849
.51707610615123339
.41429626990437526
.29839781792067858
.17525547555896411
.07596209995129827
.01886388085692496
.00130000385548659
.00000609764298725
0
0
0
0
0
