11.23332096933048557
9.62856082988554662
8.25305213745805283
7.07404468308729574
6.06346685567825148
5.19725726568243284
4.45479184320449752
3.81839275930160894
3.27290745111470723
2.80534765950996070
2.40457971314389913
2.06105825172346776
1.76659595684003011
1.51416105689618641
1.29769086275505458
1.11189954808697963
.95203265816367381
.81346010615415755
.69088201577778909
.57686900386830932
.46063724481193863
.33394456661608059
.20905630833227946
.10669902596936881
.03532009032390149
.00445336845101323
.00007364863807294
.00000002000000000
0
0
0
0
