61.00000000000000000
52.28571428594757800
44.81632653140048500
38.41399417125526250
32.92628072195941000
28.22252634254049800
24.19073688881978350
20.73491739325116250
17.77278648831216000
15.23381737135193400
13.05755870854577500
11.19219560373145500
9.59331663236291400
8.22285824710884900
7.04820309317295100
6.04141497740452125
5.17860288741625425
4.43942558880545300
3.80679161371315125
3.26691071077681515
2.81007501496972915
2.43289777364174180
2.14234531553731675
1.95574265480782830
1.87621210938429025
1.86064060805422775
1.85994045107171025
1.85993888879280300
1.85993888878493020
1.85993888878493020
1.85993888878493020
1.85993888878493020
