58.50000000000000000
50.14285714329972900
42.97959183823009000
36.83965014986859050
31.57684299269807875
27.06586544020718400
23.19931327958665925
19.88512578200138050
17.04439381435108500
14.60948113580917600
12.52241422653851775
10.73350250894980400
9.20015660832279900
7.88587777347681525
6.75939756524658575
5.79395531046672300
4.96671616866206200
4.25836595990940637
3.65299510741862552
3.13854699063759930
2.70833902601999860
2.36373811205635460
2.11358852475751607
1.95959862874499010
1.88439910210321612
1.86213382050775555
1.85996398983519735
1.85993889274591477
1.85993888878493030
1.85993888878493020
1.85993888878493020
1.85993888878493020
