65
55.71428571443157
47.75510204130913
40.932944607763815
35.08538109470758
30.0731838013607
25.77701470175078
22.094584067569137
18.93821500961278
16.23275596095388
13.913791424902657
11.92610845170259
10.2223824958515
8.7620517793654
7.510354405078346
6.437507928636714
5.518018494886309
4.73011980560544
4.0553705141427265
3.4785047857530773
2.9877847507352087
2.5764214678339936
2.245970209982645
2.0108149378728704
1.889958245847741
1.861332063943422
1.8599420131885889
1.8599388888006758
1.8599388887849302
1.8599388887849302
1.8599388887849302
1.8599388887849302
