47
40.285714286734766
34.53061224834593
29.597667647928212
25.369429428872323
21.745225266007637
18.63876461776296
15.976084220437897
13.693787136223186
11.737533499260477
10.060747205969989
8.623508212573764
7.391605215765338
6.335729060119983
5.430794972953898
4.655395877679499
3.991419893907008
3.4239374231904867
2.941630629300211
2.538374795739978
2.216870307604096
1.992847067897048
1.8837644720354962
1.8608240989958076
1.8599401510903895
1.8599388887875004
1.8599388887849302
1.8599388887849302
1.8599388887849302
1.8599388887849302
1.8599388887849302
1.8599388887849302
