4.00000000000000000
3.42857142848399199
2.93877550990864499
2.51895043650855249
2.15910037274816999
1.85065745882020199
1.58627781293099649
1.35966667431797449
1.16542852130061999
.99893858960194599
.85623271635688199
.73391284797113499
.62906586348858599
.53919353225655099
.46215131190539499
.39609295123219274
.33941560747005474
.29069421679998699
.24857890042957523
.21159407497626213
.17770973576547954
.14352369419225178
.10362489444532824
.05507228306504207
.01374613646345073
.00069145588919322
.00000156211395230
0
0
0
0
0
