9.01387818865997323
7.72618130421874091
6.62244111702689493
5.67637809810263620
4.86546693566779820
4.17040021654450698
3.57462872166505241
3.06396738651517421
2.62625753494682750
2.25107731992488248
1.92949341545434906
1.65384789255189695
1.41757481395866043
1.21504119526547690
1.04140606229761165
.89248799866113578
.76462235902567681
.65446589921008423
.55865110269657682
.47308251115428619
.39159420957643975
.30462703255713249
.20392075422163112
.10131195268809065
.02997031254460303
.00330432972747121
.00004273190751651
.00000000632455532
0
0
0
0
