60.25000000000000000
51.64285714334576975
44.26530612409994100
37.94169096662122650
32.52144940779571675
27.87552808358100025
23.89330983574406900
20.47997998483031725
17.55426887519547575
15.04651697751307225
12.89701656636237625
11.05459070738024425
9.47537627090187800
8.12178338429099125
6.96161004633693775
5.96729963076071437
5.11534570762313862
4.38588500155028015
3.76260190404162192
3.23323791980700770
2.79119195294632220
2.43788934523868815
2.17992085170435812
2.01137269351910510
1.91168510611488402
1.86874686732149835
1.86031604711899152
1.85993976966669782
1.85993888878993257
1.85993888878493020
1.85993888878493020
1.85993888878493020
