51.25000000000000000
43.92857143046800000
37.65306123089788225
32.27405249568631075
27.66347359814081825
23.71154887508830100
20.32418494343873900
17.42073043910822250
14.93205589161030750
12.79890815033183125
10.97050051825710200
9.40330587230706312
8.06002617129650100
6.90871919815595175
5.92207528221352550
5.07686066443740587
4.35359782720650547
3.73667228394812565
3.21526880147424460
2.78554375778655987
2.45196695343245935
2.21704369569580572
2.06115351362124207
1.95990796718921542
1.89833924550615080
1.86767722029325685
1.86030871024822115
1.85993976931941280
1.85993888878993257
1.85993888878493020
1.85993888878493020
1.85993888878493020
