15.35211711784404020
13.15895752812353891
11.27910644900314753
9.66780551845209376
8.28669042102491774
7.10287744482391832
6.08818051843857349
5.21844006977992752
4.47294768664928699
3.83395277808399526
3.28623923211967866
2.81676133938324593
2.41432867302859929
2.06932828860016089
1.77346723915104362
1.51950331791150540
1.30089395917141292
1.11120749700725131
.94300298078180840
.78602951165663378
.62708558133343854
.46059700792863279
.30241011625250506
.16756559874746585
.06642398303097029
.01340316199517225
.00064054956414784
.00000152512950269
0
0
0
0
