12.21423350030610803
10.46934299984143590
8.97372257023120523
7.69176220037872083
6.59293902214666886
5.65109057339202229
4.84379187713371275
4.15182150075214980
3.55870387061246526
3.05031691525729364
2.61455562074284063
2.24104329942925998
1.92088322338880093
1.64644351325988186
1.41116714790693827
1.20939498947137682
1.03617860780377843
.88703138983821249
.75749964343721808
.64230529298038303
.53374199405373062
.42020215524745443
.29186462197582433
.16123054200020658
.06263902504488252
.01290436673803058
.00063642640467692
.00000152492950656
0
0
0
0
