59.75000000000000000
51.21428571507086750
43.89795918632632675
37.62682216470076675
32.25156186804698775
27.64419591864264250
23.69502515317185650
20.31002176171673400
17.40859059047460325
14.92165036106435100
12.78998926030658150
10.96285609868847025
9.39675437817702425
8.05441278588605050
6.90391321359434162
5.91796962577114125
5.07337562283475032
4.35069218622362965
3.73435526639981335
3.21349887132544560
2.78323631031468172
2.44252278091670250
2.18433320003365380
2.00197259408116735
1.90003862491514247
1.86491548036936292
1.86005400754600110
1.85993896892177995
1.85993888878497155
1.85993888878493020
1.85993888878493020
1.85993888878493020
