71.25000000000000000
61.07142857152374250
52.34693877583177125
44.86880466560382950
38.45897542918643400
32.96483608600782550
28.25557379770998250
24.21906327964802325
20.75919715854041325
17.79359772004566425
15.25165558093135775
13.07284863008454550
11.20530132039549075
9.60455027937021475
8.23248753013646525
7.05645788064952987
6.04849332367406725
5.18467713187780837
4.44464992138119992
3.81131427940324320
3.27089761806165025
2.81375409426805317
2.43659964717459932
2.14626715108773550
1.95879752286972947
1.87680672378889482
1.86060656909653660
1.85994020058856897
1.85993888879106940
1.85993888878493020
1.85993888878493020
1.85993888878493020
