71
60.85714285722872
52.16326530641258
44.71137026318537
38.324031655535734
32.849169993931085
28.1564314321243
24.134084106754308
20.68635786145768
17.731164021624025
15.198140943935687
13.02697884453048
11.165984117506888
9.570849204876858
8.203599344406083
7.031692669187138
6.027256143342738
5.1664489944276095
4.428963267714203
3.7977116343335338
3.258847977561879
2.802481763224602
2.42483297888368
2.1325412792523344
1.9448446201703493
1.8702843262671054
1.8601089914948226
1.8599389354443288
1.8599388887849337
1.8599388887849302
1.8599388887849302
1.8599388887849302
