72
61.71428571436467
52.89795918394025
45.34110787245085
38.86380674908103
33.31183435954759
28.55300088766232
24.474000781152768
20.977715006461178
17.98089870604216
15.412199216373288
13.210457291915972
11.323251176952551
9.705649084701466
8.319140946562314
7.130725423379992
6.112134036872433
5.239183008777422
4.491260170312376
3.8509918171078095
3.3042226689575718
2.840643196932799
2.4557729706841585
2.1550973896478895
1.9570235377457228
1.8732504162044203
1.8602193312345774
1.8599390155896698
0
