12.43734296383274943
10.66057968225222890
9.13763972503996228
7.83226261489447936
6.71336793906092516
5.75431533457245504
4.93227018145945463
4.22765988996674662
3.62370780744643701
3.10603357487488091
2.66231023461610724
2.28196946376747504
1.95594675121747781
1.67645751902958677
1.43679147893558460
1.23110183282732591
1.05413848657865243
.90080946391553099
.76532761550487877
.63963066532585630
.51195693559763086
.37279578207800693
.23474443731631531
.12234942905302946
.04392028528705705
.00694889940411285
.00019095183303650
.00000013856406460
0
0
0
0
