5.11737237261468006
4.38631917647948258
3.75970215114863214
3.22260184354036431
2.76223015084621091
2.36762584166649094
2.02939357373990339
1.73948019387985205
1.49098299260480960
1.27798534476636990
1.09541581445865253
.93892734838752767
.80479362795285036
.68981997758998787
.59126636865014419
.50677982978225157
.43433249855912581
.37215841777014352
.31867401107430908
.27234696903977921
.23143226527543701
.19341490635630631
.15404454260235401
.10723053759916076
.05277205710226113
.01207913579984884
.00060748280310639
.00000144407409782
0
0
0
0
