57.50000000000000000
49.28571428735264000
42.24489796471929250
36.20991255160559475
31.03706792764559075
26.60320114708060025
22.80274400739115825
19.54520957039560700
16.75303783674111050
14.35974939546155225
12.30836337819796750
10.55004278227879900
9.04293675322867200
7.75119690693092400
6.64415593202375375
5.69567794200075612
4.88373551426082992
4.19036072722720200
3.60222753755995702
3.11171649439619915
2.71515851692486075
2.40261199876381602
2.16027904088543455
1.99115768643815345
1.89879631511687397
1.86551702632474962
1.86011090721141717
1.85993907778506080
1.85993888878516067
1.85993888878493020
1.85993888878493020
1.85993888878493020
