53.75000000000000000
46.07142857315039900
39.48979592418500875
33.84839651739270500
29.01291132823012750
24.86820977952810850
21.31560855799963275
18.27052206380630550
15.66044859949441075
13.42324447142357600
11.50564521597862775
9.86199951092125400
8.45318756575348575
7.24570312056131475
6.21088945543535450
5.32434175253257412
4.56553577119773292
3.91784083089501837
3.36919909657961310
2.91337808079920717
2.54859851379960947
2.26793457728634995
2.06162001277863957
1.93289274579840727
1.87531339397283897
1.86103332957616512
1.85994622961600997
1.85993888913221532
1.85993888878493020
1.85993888878493020
1.85993888878493020
1.85993888878493020
