69
59.14285714295907
50.69387755136481
43.451895044675105
37.244481468498705
31.92384126283435
27.363292521392935
23.45425075882742
20.103643573645336
17.231694658322485
14.770024413017556
12.660021984954463
10.8514500873644
9.301249669018482
7.972516704404052
6.833628583731629
5.857503944010134
5.020990009877523
4.304392248044152
3.691208574034302
3.1682419809607056
2.726512319770787
2.363786695409632
2.089161286825518
1.9230099862621888
1.8658164042343928
1.8599941424365996
1.8599388937088408
0
