14.46547614148943249
12.39897954754996709
10.62769674924783054
9.10945434188531798
7.80810368476791086
6.69266020831256005
5.73656565853720035
4.91705568792389638
4.21461767124583345
3.61252567570648150
3.09644110602455265
2.65406848934719850
2.27485561705561246
1.94972439104626073
1.67080962709548827
1.43115901838311274
1.22428937083732841
1.04337511759619302
.87973784698044583
.72113465924777925
.55570346257672846
.39044527139208287
.24816139724035638
.13391893135617335
.05048010759996277
.00887308067323632
.00029614351031214
.00000032733774606
0
0
0
0
