12.21423350030610803
10.46934299800859945
8.97372256403846564
7.69176218341636735
6.59293897821974140
5.65109046163540454
4.84379159447731130
4.15182078727164924
3.55870207085956779
3.05031237642900540
2.61454417513088235
2.24101443803540724
1.92081044952081876
1.64626003502617428
1.41070471068161774
1.20823057344691722
1.03325477501049432
.87974921283918287
.73978239523123273
.60189893064837445
.45517799515361445
.30744760624615318
.18122330672449073
.08320065818776297
.02222061410941290
.00183883001476210
.00001270554800077
0
0
0
0
0
