0	0.000000	77
1	0.04278752	66.00000000005278
2	1.066444819	56.571428571606894
3	2.086782558	48.48979591885578
4	3.109715712	41.56268221700833
5	4.13454078	35.62515618814103
6	5.161162346	30.5358481666446
7	6.193289954	26.17358415640676
8	7.217853244	22.43450073970627
9	8.23895588	19.229572148882212
10	9.259905434	16.48249063088556
11	10.279149509	14.127849660787444
12	11.300265514	12.109586806895543
13	12.319862619	10.379649322805257
14	13.341789571	8.896851072920667
15	14.361597987	7.6258945288928
16	15.383381229	6.536536955164412
17	16.40848344	5.60288698989845
18	17.432250504	4.802830129819691
19	18.461752846	4.117607748898159
20	19.483932713	3.5316350252236974
21	20.505578635	3.032785144964503
22	21.531217011	2.613666654284213
23	22.555489768	2.274791456153329
24	23.577250729	2.0292071082561596
25	24.598797154	1.8968761930653721
26	25.620438431	1.8620280133998448
27	26.648339175	1.8599459074058315
28	27.679715358	1.8599388888643853
29	28.700648843	0
