0	0.000000	77
1	0.054389956	66.00000000005278
2	1.074521428	56.571428571606894
3	2.098603752	48.48979591885578
4	3.121204542	41.56268221700833
5	4.144100693	35.62515618814103
6	5.173237009	30.5358481666446
7	6.202426006	26.17358415640676
8	7.229925874	22.43450073970627
9	8.250391487	19.229572148882212
10	9.272294821	16.48249063088556
11	10.291168254	14.127849660787444
12	11.312836101	12.109586806895543
13	12.333176479	10.379649322805257
14	13.352978277	8.896851072920667
15	14.374596364	7.6258945288928
16	15.396706208	6.536536955164412
17	16.419949551	5.60288698989845
18	17.443886691	4.802830129819691
19	18.470568587	4.117607748898159
20	19.496028501	3.5316350252236974
21	20.517425282	3.032785144964503
22	21.542422411	2.613666654284213
23	22.568958607	2.274791456153329
24	23.588661988	2.0292071082561596
25	24.610788415	1.8968761930653721
26	25.632400064	1.8620280133998448
27	26.660547912	1.8599459074058315
28	27.686490666	1.8599388888643853
29	28.713613789	0
