0	0.000000	77
1	0.002179107	66.00000000005278
2	0.002556806	56.571428571606894
3	0.002641007	48.48979591885578
4	0.002711649	41.56268221700833
5	0.002777895	35.62515618814103
6	0.002862922	30.5358481666446
7	0.002927529	26.17358415640676
8	0.002980412	22.43450073970627
9	0.00301987	19.229572148882212
10	0.003061424	16.48249063088556
11	0.003103191	14.127849660787444
12	0.003144008	12.109586806895543
13	0.003187616	10.379649322805257
14	0.003230001	8.896851072920667
15	0.003269311	7.6258945288928
16	0.003317722	6.536536955164412
17	0.003360131	5.60288698989845
18	0.003403034	4.802830129819691
19	0.003446632	4.117607748898159
20	0.003490443	3.5316350252236974
21	0.003533189	3.032785144964503
22	0.003580058	2.613666654284213
23	0.003623227	2.274791456153329
24	0.003665223	2.0292071082561596
25	0.003709527	1.8968761930653721
26	0.003752466	1.8620280133998448
27	0.003866904	1.8599459074058315
28	0.00394832	1.8599388888643853
29	0.004027113	0
