0	0.000000	77
1	0.002973506	66.00000000005278
2	0.003333786	56.571428571606894
3	0.003418156	48.48979591885578
4	0.003499186	41.56268221700833
5	0.003583857	35.62515618814103
6	0.003676832	30.5358481666446
7	0.003757988	26.17358415640676
8	0.003838096	22.43450073970627
9	0.003922237	19.229572148882212
10	0.004009609	16.48249063088556
11	0.004095958	14.127849660787444
12	0.004177661	12.109586806895543
13	0.004259398	10.379649322805257
14	0.004337773	8.896851072920667
15	0.004416044	7.6258945288928
16	0.004507642	6.536536955164412
17	0.004591722	5.60288698989845
18	0.004697057	4.802830129819691
19	0.004781137	4.117607748898159
20	0.004864176	3.5316350252236974
21	0.004947543	3.032785144964503
22	0.005038596	2.613666654284213
23	0.005122665	2.274791456153329
24	0.005207107	2.0292071082561596
25	0.005290536	1.8968761930653721
26	0.005374327	1.8620280133998448
27	0.005465572	1.8599459074058315
28	0.00555201	1.8599388888643853
29	0.005643166	0
