0	0.000000	77
1	0.066631718	66.00000000005278
2	1.085423158	56.571428571606894
3	2.111040152	48.48979591885578
4	3.131410922	41.56268221700833
5	4.153532105	35.62515618814103
6	5.182288013	30.5358481666446
7	6.20936421	26.17358415640676
8	7.241169567	22.43450073970627
9	8.261581101	19.229572148882212
10	9.283135234	16.48249063088556
11	10.302457215	14.127849660787444
12	11.323656663	12.109586806895543
13	12.3452394	10.379649322805257
14	13.363408171	8.896851072920667
15	14.385638519	7.6258945288928
16	15.407568222	6.536536955164412
17	16.432060643	5.60288698989845
18	17.453644366	4.802830129819691
19	18.478941032	4.117607748898159
20	19.507852139	3.5316350252236974
21	20.528567451	3.032785144964503
22	21.553480301	2.613666654284213
23	22.581092289	2.274791456153329
24	23.599826102	2.0292071082561596
25	24.622310583	1.8968761930653721
26	25.642586749	1.8620280133998448
27	26.671582789	1.8599459074058315
28	27.691343759	1.8599388888643853
29	28.724977159	0
