0	0.000000	77
1	0.023734441	66.00000000005278
2	1.048777506	56.571428571606894
3	2.06834461	48.48979591885578
4	3.091422188	41.56268221700833
5	4.117877085	35.62515618814103
6	5.142485483	30.5358481666446
7	6.178293936	26.17358415640676
8	7.199877497	22.43450073970627
9	8.221083238	19.229572148882212
10	9.240565079	16.48249063088556
11	10.260920475	14.127849660787444
12	11.281545182	12.109586806895543
13	12.300926674	10.379649322805257
14	13.323679141	8.896851072920667
15	14.343634857	7.6258945288928
16	15.365303368	6.536536955164412
17	16.389563163	5.60288698989845
18	17.413695888	4.802830129819691
19	18.445424355	4.117607748898159
20	19.466346942	3.5316350252236974
21	20.489527036	3.032785144964503
22	21.517692028	2.613666654284213
23	22.537714991	2.274791456153329
24	23.560454908	2.0292071082561596
25	24.579721922	1.8968761930653721
26	25.602529023	1.8620280133998448
27	26.628639554	1.8599459074058315
28	27.662007474	1.8599388888643853
29	28.682374454	0
