0	0.000000	77
1	0.001759065	66.00000000005278
2	0.003288685	56.571428571606894
3	0.003448447	48.48979591885578
4	0.003566232	41.56268221700833
5	0.00367729	35.62515618814103
6	0.003785461	30.5358481666446
7	0.003896052	26.17358415640676
8	0.004004836	22.43450073970627
9	0.0041125	19.229572148882212
10	0.004239226	16.48249063088556
11	0.004345789	14.127849660787444
12	0.004451202	12.109586806895543
13	0.004553993	10.379649322805257
14	0.004655393	8.896851072920667
15	0.004762061	7.6258945288928
16	0.004876606	6.536536955164412
17	0.004984212	5.60288698989845
18	0.005089976	4.802830129819691
19	0.00521519	4.117607748898159
20	0.005326522	3.5316350252236974
21	0.005435836	3.032785144964503
22	0.005551328	2.613666654284213
23	0.005658074	2.274791456153329
24	0.005765108	2.0292071082561596
25	0.0058729	1.8968761930653721
26	0.005978331	1.8620280133998448
27	0.006095525	1.8599459074058315
28	0.00621673	1.8599388888643853
29	0.006323193	0
