0	0.000000	77
1	0.001388531	66.00000000005278
2	0.003041954	56.571428571606894
3	0.003160006	48.48979591885578
4	0.003231484	41.56268221700833
5	0.003307161	35.62515618814103
6	0.003370014	30.5358481666446
7	0.003433101	26.17358415640676
8	0.003498164	22.43450073970627
9	0.003587421	19.229572148882212
10	0.003656093	16.48249063088556
11	0.003726495	14.127849660787444
12	0.003788744	12.109586806895543
13	0.003850538	10.379649322805257
14	0.003914441	8.896851072920667
15	0.003978746	7.6258945288928
16	0.00405436	6.536536955164412
17	0.004125076	5.60288698989845
18	0.004193946	4.802830129819691
19	0.004264037	4.117607748898159
20	0.004333448	3.5316350252236974
21	0.004401661	3.032785144964503
22	0.004476378	2.613666654284213
23	0.004814773	2.274791456153329
24	0.004955314	2.0292071082561596
25	0.00509828	1.8968761930653721
26	0.005231054	1.8620280133998448
27	0.005364543	1.8599459074058315
28	0.005477832	1.8599388888643853
29	0.005604022	0
