54.75000000000000000
46.92857142965992775
40.22448979959615750
34.47813412086090200
29.55268640676237500
25.33087410694919875
21.71217791693327725
18.61043849435628275
15.95180512939077800
13.67297760459301300
11.71969957662110075
10.04546809431637375
8.61042975348811250
7.38044029574937725
6.32627303343519625
5.42297672178763337
4.64941571261727725
3.98809570835531392
3.42550880755703357
2.95327748015881132
2.56915281202070067
2.27233640275731867
2.05554516646180862
1.92015433820685502
1.86756497977601332
1.86010822361568882
1.85993901695910382
1.85993888878502950
1.85993888878493020
1.85993888878493020
1.85993888878493020
1.85993888878493020
