53.25000000000000000
45.64285714383156000
39.12244898288417150
33.53352770581094450
28.74302376346179850
24.63687755093618400
21.11732371443392775
18.10056343431340975
15.51476928968275475
13.29837526978112925
11.39861139081683125
9.77024846360787225
8.37452422338249950
7.17822802080886275
6.15292925257465500
5.27434868835107637
4.52190154085423450
3.87850906350375825
3.33092513402817165
2.87107414296443072
2.49875399077969730
2.22242749984951125
2.04499177902641775
1.94299439260807715
1.88752988362878465
1.86414464701714525
1.86005031176992070
1.85993896883370575
1.85993888878497155
1.85993888878493020
1.85993888878493020
1.85993888878493020
