58
49.714285714574665
42.61224489893548
36.524781343782024
31.3069554421605
26.834533247820392
23.001028527591473
19.715167383650492
16.89871508759432
14.484613404580948
12.415384109320497
10.64176081151726
9.121516840778042
7.818462104487176
6.701587104285213
5.7443389481516105
4.924025261157384
4.221364821064517
3.6202566102407476
3.107963129271484
2.676173389590102
2.3238067249293213
2.061688557646944
1.9103983256903398
1.8637658121070029
1.859962382067146
1.859938889675146
1.8599388887849302
1.8599388887849302
1.8599388887849302
1.8599388887849302
1.8599388887849302
