12.09080228934374726
10.36354481877248545
8.88303841441378174
7.61403292241182421
6.52631392283299527
5.59398333554054867
4.79484279123394004
4.10986507866077840
3.52274106487683915
3.01949125420489934
2.58813261944654936
2.21839247559980167
1.90146183434944088
1.62978047847272922
1.39684388358745325
1.19701544652598436
1.02530978346538962
.87706946490437317
.74736349619827176
.62980993371142919
.51487479637356555
.39104396699580378
.25791619884180477
.13589213609615064
.04761607876788406
.00728450332657484
.00019299027110193
.00000013863621460
0
0
0
0
