9.83298021964856796
8.42826875823519548
7.22423036051100528
6.19219744256028011
5.30759778444181581
4.54936947034656005
3.89945939679411267
3.34239339241063857
2.86490767325427757
2.45563275595764105
2.10482204345241214
1.80411796710293568
1.54634846879069048
1.32534482467758088
1.13576603201382359
.97289947295285815
.83236893459045357
.70959328099083364
.59869097454382942
.49062650233582675
.37289976306463279
.24156177990436585
.12178166563277897
.04214811858311685
.00702476677230283
.00022550519501776
.00000021241468875
0
0
0
0
0
