49.50000000000000000
42.42857143047532750
36.36734694520835250
31.17201167942758275
26.71886718432223000
22.90188623496856925
19.63018839551158975
16.82587625705405000
14.42218088316994075
12.36187244078454925
10.59589851167909800
9.08221851408291125
7.78480862647397275
6.67281892057288450
5.71987619789955587
4.90354974364751300
4.20504969531432017
3.60933809692104500
3.10598602174506825
2.69079403729478592
2.36513374721285845
2.12708074141069907
1.97106018052820327
1.89198898579694152
1.86467638613823277
1.86007758223864482
1.85993901277624207
1.85993888878502940
1.85993888878493020
1.85993888878493020
1.85993888878493020
1.85993888878493020
