52.75000000000000000
45.21428571572328900
38.75510204567356550
33.21865890543260200
28.47313622770663425
24.40554539615804325
20.91903905755907300
17.93060527606501525
15.36909116858409625
13.17350906597357825
11.29158512531863900
9.67851647876865937
8.29590894646616975
7.11087410059301650
6.09527444313758425
5.22512440692850350
4.48019625302010615
3.84397080262652555
3.30423511359079795
2.85463795249596487
2.49576990623487137
2.22897450984521580
2.04635678020368425
1.93636743720832212
1.88156580163627500
1.86252627893056595
1.85998141446925832
1.85993890044977985
1.85993888878493107
1.85993888878493020
1.85993888878493020
1.85993888878493020
