40
40
40
40
40
40
40
40
40
40
40
40
40
40
40
40
40
40
40
40
40
40
40
40
40
40
40
40
40
40
40
40
40
40
40
40
40
40
40
40
40
40
40
40
40
40
40
40
40
40
40
40
40
40
40
40
40
40
40
40
40
40
40
40
40
34.28571428839983
29.387755111114657
25.189504398031737
21.59100381280158
18.50657480526853
15.86277867831775
13.596668128984003
11.654288708696285
9.989394711876436
8.562349394720965
7.339184538878075
6.290799993921608
5.392291763773136
4.622411827063118
3.963194947338516
3.3998629443278903
2.9212906029717036
2.5216621859295074
2.204207732264375
1.9852339311880869
1.8813185210656072
1.8606541249259616
1.8599397130678237
0
