12.49749974994998749
10.71214264140066550
9.18183654620741180
7.87014560204636445
6.74583906480252284
5.78214771267607987
4.95612646674254006
4.24810803664158065
3.64123454356086402
3.12105586933609540
2.67518491805163205
2.29300095050821831
1.96539233615041653
1.68452858808946693
1.44364617937622017
1.23681790516795020
1.05863888684965259
.90368121451571145
.76545020308365429
.63480292141985512
.50047848309015083
.35979728217368001
.22654318898007626
.11400231132024595
.03653988194728699
.00447911103441743
.00007365663004781
.00000002000000000
0
0
0
0
