10.01249219725039286
8.58213616696565557
7.35611670923117245
6.30524288023481673
5.40449386357475669
4.63242322648177449
3.97064826511564196
3.40341225721227653
2.91720914082769294
2.50046153494793497
2.14324406258886384
1.83704444797007875
1.57455432856568376
1.34947883354567387
1.15634542797760676
.99027033590977091
.84658778516652670
.72014039769872362
.60394648774790617
.48780485534056339
.36248722688340556
.23656841401128076
.12969710277119670
.04909507547133113
.00811602019250876
.00024020275006752
.00000021475567512
0
0
0
0
0
