55.25000000000000000
47.35714285771821275
40.59183673663787250
34.79300292077663500
29.82257394131952900
25.56220625867941600
21.91046256609928000
18.78039663314599625
16.09748320140484825
13.79784368461248325
11.82672552995568775
10.13719929195651400
8.68904304516273937
7.44778920835771525
6.38391520397284525
5.47216904692245862
4.69103978692744525
4.02242458020400487
3.45163854836909655
2.96809746813589975
2.56713776462684255
2.25220314220366500
2.03135799385840327
1.90631855773725682
1.86426241885347572
1.85998201374407915
1.85993889397168270
1.85993888878493030
1.85993888878493020
1.85993888878493020
1.85993888878493020
1.85993888878493020
