53.00000000000000000
45.42857142966700000
38.93877551390576925
33.37609330459982500
28.60807999293770700
24.52121146681399900
21.01818136896701025
18.01558431220342075
15.44193012070187450
13.23594189442199675
11.34509756849293725
9.72438073235186775
8.33521220048456975
7.14454000681333100
6.12407398925685475
5.24966641116336125
4.50087286989675832
3.86080214274172827
3.31651961864311910
2.86047037221002790
2.49281860057059317
2.21978287438346075
2.03790874919050455
1.92746995838297930
1.87470086635510135
1.86102101736261230
1.85994622665959127
1.85993888913221522
1.85993888878493020
1.85993888878493020
1.85993888878493020
1.85993888878493020
