6.53356717268598991
5.60020043318896477
4.80017179850983437
4.11443296670568357
3.52665681991635039
3.02284868087623195
2.59101309978992692
2.22086823193662270
1.90360099036750184
1.63165710591572093
1.39856099991874911
1.19876093876986951
1.02749517300005230
.88067433486262857
.75477341834761456
.64672102863758968
.55375894343768559
.47320910569413727
.40200544577300637
.33572632687508277
.26706358858670425
.18648420532685222
.09614662163192901
.02794525663576629
.00288090249854277
.00003682820726019
.00000000632455532
0
0
0
0
0
