11.11305538544643446
9.52547604371732817
8.16469374935953035
6.99830892197513532
5.99855048930103320
5.14161466666268186
4.40709818874805951
3.77751248870867221
3.23786723091715331
2.77531321465671784
2.37883597791293184
2.03899238116569425
1.74768282802455382
1.49795099959653624
1.28379953933672323
1.10000026061497073
.94185209495827389
.80477960984279118
.68354394259755322
.57074707432419986
.45524933594685317
.32649372686849563
.19292647130786384
.08514928487866918
.02246040673683804
.00184560585887128
.00001270725344045
0
0
0
0
0
