62.50000000000000000
53.57142857210406750
45.91836734922112225
39.35860058934188900
33.73594337312397125
28.91652291856065750
24.78559114192148400
21.24479258102439075
18.20982265022002000
15.60842051872755650
13.37864894341811675
11.46742040152379850
9.82923519220259050
8.42510337984609775
7.22162974120399100
6.19025206004551625
5.30664486023288725
4.55034793581004840
3.90477703805035760
3.35790340375068975
2.90355267950833570
2.54027489584490615
2.26191938572148352
2.05856232121514805
1.93116804183596407
1.87339141121380350
1.86057259392753105
1.85994072348893107
1.85993888880483532
1.85993888878493020
1.85993888878493020
1.85993888878493020
