62.75000000000000000
53.78571428594887625
46.10204081711915750
39.51603498759380475
33.87088713598469025
29.03218898318608250
24.88473343807692125
21.32977157866244925
18.28266150522054375
15.67085310225265800
13.43216076895465600
11.51328309757509375
9.86853451825103600
8.45875937792777012
7.25040427858883975
6.21473082316474200
5.32716069051422775
4.56676422978852782
3.91594711756108572
3.36048984019872407
2.89030655501026682
2.50156579706623250
2.20005431937976262
1.99912679324592452
1.89778467746516167
1.86467288927584637
1.86005206664779055
1.85993896885356952
1.85993888878497155
1.85993888878493020
1.85993888878493020
1.85993888878493020
