7.32717544487642250
6.28043609546926378
5.38323093862289905
4.61419794650658572
3.95502680906105099
3.39002297357118390
2.90573396316509450
2.49062907552358323
2.13482483170202653
1.82984962835613382
1.56844196520244732
1.34437738144635774
1.15231982387903703
.98769351259141174
.84657125721615756
.72557405431093940
.62177326009794680
.53257719329758865
.45556038888236016
.38813878315970998
.32689170821934494
.26631591166856219
.19804863691583191
.11760956738294138
.04405743020570695
.00703085192765926
.00019199847119183
.00000013863621460
0
0
0
0
