14.09787217987168445
12.08389043901803022
10.35762037410234104
8.87796031511453396
7.60968025611672260
6.52258304141548807
5.59078537516798701
4.79210152596529715
4.10751502838979461
3.52072574173027593
3.01776132701172523
2.58664350216020893
2.21710014668323219
1.90031392562376557
1.62869521578929570
1.39565829233817629
1.19535660451625025
1.02227718732912149
.87047942720042665
.73215550478786336
.59595681673855599
.45060957848718371
.30242914863731761
.17272707458665123
.07159376796938019
.01519453078020509
.00085976074156127
.00000299578871084
0
0
0
0
