43.00000000000000000
36.85714286143141050
31.59183674918391300
27.07871724085541250
23.21032913235308675
19.89456800112513425
17.05248729534189825
14.61641878426375175
12.52836173813762800
10.73860278615025750
9.20453435185476200
7.88964544953143125
6.76266564162884575
5.79685393316482300
4.96944619173596175
4.26132387648415862
3.65708018330364742
3.14589490709690375
2.72389840211249265
2.39752059851241290
2.17822048929828535
2.04970099849088435
1.96365635843183215
1.90225594371511160
1.86917321485494355
1.86046116993864815
1.85994064344015540
1.85993888880479397
1.85993888878493020
1.85993888878493020
1.85993888878493020
1.85993888878493020
