48.25000000000000000
41.35714286029536750
35.44897960248835000
30.38483967932130000
26.04414834710855600
22.32355585355480075
19.13447676731501025
16.40098089674799375
14.05798566950514775
12.04970715592294400
10.32833341445565350
8.85288998054394000
7.58827403636392225
6.50444320245231050
5.57576206976292350
4.78054672218492075
4.10093155355654610
3.52335568060519737
3.04016140421370315
2.65192514076153975
2.36368276502764615
2.16314199220343557
2.02174159520319487
1.93052855450701772
1.88120317326252295
1.86252525739729395
1.85998141446240385
1.85993890044977985
1.85993888878493107
1.85993888878493020
1.85993888878493020
1.85993888878493020
