35
30.0000000059839
25.714285734503935
22.04081638190975
18.89212842329716
16.193253176194524
13.879931903962794
11.897086027508845
10.197506188554948
8.740729372216114
7.492078414063313
6.42184369610943
5.504594285670497
4.718619077192415
4.045527196947516
3.4701039786932295
2.9806747983526227
2.570549856461282
2.2414557874028698
2.0079862611699735
1.8889451095336143
1.861241450005959
1.8599416203297439
1.859938888796965
1.8599388887849302
1.8599388887849302
1.8599388887849302
1.8599388887849302
1.8599388887849302
1.8599388887849302
1.8599388887849302
1.8599388887849302
