13.28533025558642256
11.38742593095008746
9.76065079188084892
8.36627209200410778
7.17109032593774791
6.14664875337520505
5.26855582864315050
4.51590437647073628
3.87077361766274329
3.31780201879810222
2.84382036870538738
2.43753526889671184
2.08925278884488636
1.79062887575400669
1.53442343243449293
1.31420957503570870
1.12392803569475886
.95704784491922197
.80495615096670943
.65493263371814329
.49341283734951444
.32560623416537474
.17963393246151760
.07329528902113682
.01599432192692081
.00090461749407138
.00000303915119729
0
0
0
0
0
