14.85555451674557990
12.73333244032418058
10.91428494229155764
9.35510136257087611
8.01865826907698931
6.87313555406195488
5.89125878119766301
5.04964971529697729
4.32826949861575099
3.70994103326663489
3.17993873707183730
2.72563474334484772
2.33619019294264575
2.00227689853864689
1.71580426687586114
1.46959907543435585
1.25691999528772587
1.07055469160892763
.90113120715231564
.73524335731685865
.56013882824114755
.38480716463404574
.23513826539100563
.11670009052331634
.03674345849485578
.00447970050067189
.00007365663398499
.00000002000000000
0
0
0
0
