50.00000000000000000
42.85714285884737725
36.73469388331019800
31.48688048224709775
26.98875472639922250
23.13321840583037675
19.82847309306548175
16.99583451798437575
14.56785926328365800
12.48673929780766775
10.70292642440517825
9.17395465264528400
7.86343437737931750
6.74019925085349062
5.77759759282063675
4.95294184798836850
4.24717756582010257
3.64493737811198757
3.13531573388846462
2.71359081698797255
2.38174016488368172
2.14064011042610080
1.98283014661189210
1.89809643855115445
1.86607290600442877
1.86016316307857962
1.85993921253012152
1.85993888878560642
1.85993888878493020
1.85993888878493020
1.85993888878493020
1.85993888878493020
