43.75000000000000000
37.50000000307332200
32.14285715324118925
27.55102043660589425
23.61516042351129000
20.24156620155525050
17.34991420038427400
14.87135581901926350
12.74687840868447500
10.92590080290647300
9.36507049972859225
8.02723523059779075
6.88056789025868800
5.89783270765218850
5.05579707407574662
4.33482957082465625
3.71880740316033250
3.19563132761629725
2.75887905192656502
2.41051231336123722
2.15887222885864140
1.99906729062887185
1.90722671755567537
1.86839570082417900
1.86034008398800442
1.85993991956623462
1.85993888879178522
1.85993888878493020
1.85993888878493020
1.85993888878493020
1.85993888878493020
1.85993888878493020
