64
54.85714285730293
47.02040816380615
40.30320699856596
34.545606001337404
29.610519436189733
25.380445247339637
21.754667396015144
18.646857871784455
15.983021294630989
13.699733198096315
11.74263011938357
10.065115726561267
8.627252631201353
7.394814647866723
6.338479826476148
5.433152330342088
4.6574153547493555
3.9931480660565635
3.425411657237637
2.942876647831925
2.5393997284336662
2.2176493413979164
1.9933196540997595
1.88391988717679
1.860835489994103
1.8599401837652987
1.8599388887876351
1.8599388887849302
1.8599388887849302
1.8599388887849302
1.8599388887849302
