8.72854512504804548
7.48161010479730571
6.41280865523638374
5.49669311788346878
4.71145120563118745
4.03838665118393898
3.46147402910661673
2.96697712563002281
2.54312170326069139
2.17981470114384026
1.86840276254343091
1.60146327383082940
1.37262025255801172
1.17637393650773298
1.00792304423343666
.86293330985691653
.73714510315556094
.62558800650458151
.52105310720859615
.41232427131808779
.28849980657216403
.16100526772596417
.06464284943631375
.01373903691902092
.00069251204954137
.00000178534870543
0
0
0
0
0
0
