10.29563014098700031
8.82482583339857157
7.56413642425700695
6.48354549548564228
5.55732468262702196
4.76342108646336069
4.08293218312509161
3.49965571139146025
2.99970377191080703
2.57117182842609573
2.20385442296483299
1.88900006200446909
1.61909748605381924
1.38768332015686356
1.18915418936755228
1.01854811981377536
.87121554544972515
.74220569274396246
.62508230368890781
.51034994276653638
.38744152157802692
.25865810226233177
.14273147163226230
.05549746133653160
.01030644637987361
.00038816817846134
.00000056074058173
0
0
0
0
0
