52.25000000000000000
44.78571428746946750
38.38775510797117600
32.90379010370723350
28.20324868846312450
24.17421323250503675
20.72075437823777875
17.76064706115735225
15.22341290456235400
13.04864250172421375
11.18455795087862525
9.58678220184288725
8.21728788941280850
7.04350560260293525
6.03758285616415450
5.17580725470388987
4.43825581642815080
3.80883271273129790
3.27598721088334152
2.83404066007180245
2.48196405015494847
2.21400648994428512
2.02191130152900310
1.90920466123377935
1.86662596942551012
1.86010235232090147
1.85993901673654992
1.85993888878502950
1.85993888878493020
1.85993888878493020
1.85993888878493020
1.85993888878493020
