61.00000000000000000
52.28571428619760500
44.81632653224526000
38.41399417356914450
32.92628072795160525
28.22252635778552800
24.19073692737772300
20.73491749057902225
17.77278673382162000
15.23381799050772325
13.05756026988642275
11.19219954089268300
9.59332656038391475
8.22288328135544775
7.04826621612621500
6.04157411955064950
5.17900395917851200
4.44043527330082200
3.80932533991143875
3.27320966701931625
2.82531601290495775
2.46707546663160350
2.20530972272206082
2.03173358973483850
1.92202807910962312
1.87054907998584767
1.86030552094944377
1.85993938843791307
1.85993888878610750
1.85993888878493020
1.85993888878493020
1.85993888878493020
