13.01921656629153703
11.15932848497708348
9.56513870036077467
8.19869031195191054
7.02744883215116297
6.02352755360924761
5.16302357500081168
4.42544867170927605
3.79324144913979728
3.25134913405057733
2.78686897289080247
2.38874051326536946
2.04748097354557259
1.75495621912752326
1.50417891660041928
1.28912156860215894
1.10452117975811658
.94562418456332172
.80775278412540055
.68543434000762730
.57069816311925215
.45104428812858424
.31393536347945614
.17102123597720994
.06288165528601207
.01105645217414067
.00041924704356739
.00000069299350646
0
0
0
0
