10.89437928475046255
9.33803938462766097
8.00403375244924646
6.86060034460912353
5.88051454419435983
5.04044094483495239
4.32037771808862636
3.70318030957724519
3.17415305916845932
2.72069886014497538
2.33201810812197712
1.99884874374199265
1.71323860878413667
1.46833817379830725
1.25819234184609916
1.07748574644118649
.92113766833834756
.78352370779852648
.65699686079107145
.53022992805494607
.39234865400808393
.25182374124137638
.13347394943773612
.04847474219400449
.00768943983976076
.00022949633271579
.00000021255587500
0
0
0
0
0
