56.50000000000000000
48.42857142924611100
41.51020408391225050
35.58017493335768675
30.49729281083875725
26.14053672228330450
22.40617440217226450
19.20529251817311775
16.46167973867745050
14.11001230750483150
12.09429904473500825
10.36654905136546425
8.88563115664145300
7.61629986835875375
6.52836946274256750
5.59602869501504150
4.79731022305902037
4.11377718355531865
3.53059703578440050
3.03736942906965900
2.63011735688372975
2.31292038368635227
2.09112997485165510
1.95652233144025382
1.88886870794509710
1.86415708716945962
1.86005031277380245
1.85993896883370575
1.85993888878497155
1.85993888878493020
1.85993888878493020
1.85993888878493020
