62.25000000000000000
53.35714285740970950
45.73469387845265475
39.20116618322766225
33.60099958990244175
28.80085680213431175
24.68644871475043175
21.15981325267702150
18.13698296100561000
15.54598583138074475
13.32513181262854625
11.42154432750952200
9.78990213240324600
8.39136232238247875
7.19264075034329075
6.16523278197239875
5.28476795435405087
4.53051355812198140
3.88509061433955767
3.33457562010315682
2.86937566923281657
2.48641774693985367
2.19171126439294587
1.99570328232358850
1.89577614738991855
1.86436543576640565
1.86005047926970672
1.85993896883381715
1.85993888878497155
1.85993888878493020
1.85993888878493020
1.85993888878493020
