62
53.142857143050804
45.5510204088176
39.043731780217925
33.466055814720534
28.685190706161954
24.587306339311894
21.074834054912742
18.06414360118689
15.483551974743797
13.2716167766573
11.375673535876524
9.750582392563208
8.357654850750096
7.163736434260445
6.140426902089851
5.263428270243216
4.512027291132956
3.868755617938332
3.319356931743044
2.8533868164966893
2.4661412830166367
2.1627326951559667
1.96126274969101
1.874358391195662
1.8602674436862752
1.8599390628188628
1.859938888784979
1.8599388887849302
1.8599388887849302
1.8599388887849302
1.8599388887849302
