11.07925990308016919
9.49650848778853781
8.13986441667749004
6.97702663926813526
5.98030853887058183
5.12597872472329021
4.39369599206784418
3.76602499057299043
3.22802105363198635
2.76687426374626542
2.37160417907756551
2.03279769988644037
1.74238319603832699
1.49343391069457250
1.27999191220308726
1.09689823465225558
.93959980002205764
.80386660934414079
.68527117185503033
.57816511944568206
.47413541215585324
.36268434015019814
.24231071423980457
.13016519260274583
.04689769871862243
.00727734950666999
.00019298969151226
.00000013863621460
0
0
0
0
