7.79021822544144138
6.67732990732330215
5.72342563434942698
4.90579339961235106
4.20496576792261559
3.60425636450224979
3.08936257796458724
2.64802501593987183
2.26973559963067456
1.94548733325684483
1.66755975544223788
1.42933487579244288
1.22513899117274162
1.05010605309354861
.90005791569713355
.77139504350542638
.66098610831251956
.56603147426280167
.48384269566345039
.41140807452060516
.34451127114394167
.27640283712904431
.19870769240212496
.11347402523813628
.04341096739782413
.00715974812084824
.00019289364712193
.00000013863621460
0
0
0
0
