65.50000000000000000
56.14285714416611200
48.12244898401454150
41.24781342319282000
35.35526866943902200
30.30451605530028375
25.97529960942615500
22.26454285888755525
19.08389472762940575
16.35762619205899925
14.02082784609685075
12.01786604539070150
10.30106234626970400
8.82956850971993275
7.56841961008270975
6.48776595581704612
5.56232223469095382
4.77114970501475150
4.09799366746890000
3.53215792730413200
3.06739319524651455
2.69213847972617777
2.38557536014968057
2.14073920963495815
1.96813449631712075
1.88111725914688032
1.86094241438693125
1.85994160402341367
1.85993888880983770
1.85993888878493020
1.85993888878493020
1.85993888878493020
