67.00000000000000000
57.42857142877300000
49.22448979659943600
42.19241982693837500
36.16493128346490600
30.99851253683413375
26.57015362355175675
22.77441744343791875
19.52092936790853925
16.73222550200914000
14.34190840406694225
12.29306644160154000
10.53691937624629625
9.03165850241018050
7.74145516777470575
6.63561770746741575
5.68788587656284975
4.87586894585064175
4.18067104409520325
3.58683154637284675
3.08287455209500110
2.66290065369214820
2.32862298089213392
2.08636676570093492
1.93688613647405200
1.87282923771165437
1.86051103248690337
1.85994065545229020
1.85993888880479485
1.85993888878493020
1.85993888878493020
1.85993888878493020
