77
66.00000000005278
56.571428571606894
48.48979591885578
41.56268221700833
35.62515618814103
30.5358481666446
26.17358415640676
22.43450073970627
19.229572148882212
16.48249063088556
14.127849660787444
12.109586806895543
10.379649322805257
8.896851072920667
7.6258945288928
6.536536955164412
5.60288698989845
4.802830129819691
4.117607748898159
3.5316350252236974
3.032785144964503
2.613666654284213
2.274791456153329
2.0292071082561596
1.8968761930653721
1.8620280133998448
1.8599459074058315
1.8599388888643853
1.8599388887849302
1.8599388887849302
1.8599388887849302
