17.09532099727875832
14.65313228122737562
12.55982766419083068
10.76556655560735410
9.22762844169093325
7.90939572005674501
6.77948182611185221
5.81098386850377575
4.98084191918838364
4.26928955171179617
3.65938216351297160
3.13659088929105670
2.68845001067164752
2.30424335788248689
1.97470689283003600
1.69170215436542511
1.44775971180478857
1.23527131318734942
1.04494971660792361
.86364368081232668
.67604584678471988
.48223753139885518
.30702646462538899
.16595962525840428
.06612035787137695
.01424242457263825
.00082509318591902
.00000284072701962
0
0
0
0
