9.24662100445346467
7.92567514647532116
6.79343583933398545
5.82294500387755782
4.99109571441730990
4.27808203288003236
3.66692743645751112
3.14308060863977812
2.69406896406059146
2.30920164375571678
1.97931487401240476
1.69655353696358848
1.45418352790688535
1.24642986608201879
1.06833527870909085
.91563229987194354
.78461681027915875
.67199744275985238
.57466186661698955
.48922562861183965
.41110586033591603
.33298196388471458
.24485527402740043
.14569139705381117
.06130982925867001
.01436188275984350
.00087818622747114
.00000303227472370
0
0
0
0
