51.25000000000000000
43.92857143064324750
37.65306123149000175
32.27405249730817400
27.66347360234091025
23.71154888577395425
20.32418497046504325
17.42073050732794750
14.93205606369439725
12.79890858431364475
10.97050161263324625
9.40330863189590412
8.06003312956214050
6.90873674122540750
5.92211949628441975
5.07697198525734225
4.35387727571917540
3.73736768727176155
3.21695562784929435
2.78934251466872335
2.45888327389661840
2.22375767967530797
2.05763405934912860
1.94344155424250702
1.88256137223512970
1.86253772248890387
1.85998141546629350
1.85993890044977985
1.85993888878493107
1.85993888878493020
1.85993888878493020
1.85993888878493020
