57.25000000000000000
49.07142857194125775
42.06122449152816750
36.05247813885554650
30.90212412723946900
26.48753498693411175
22.70360146964251500
19.46022996292861975
16.68019744344830175
14.29731293248851800
12.25484176980308225
10.50415541755760150
9.00357522453582425
7.71738407762840725
6.61498607931189725
5.67020348655965362
4.86071738075506862
4.16769654716089955
3.57574611497689307
3.07349018546519977
2.65533547999097020
2.32429378772018647
2.09034815814152297
1.95323431155587872
1.88816171940033417
1.86414721286221370
1.86005031181239605
1.85993896883370575
1.85993888878497155
1.85993888878493020
1.85993888878493020
1.85993888878493020
