14.39400917048478193
12.33772214429252328
10.57519040476064304
9.06444890668369756
7.76952760484124236
6.65959501557915078
5.70822411174941817
4.89276305200964786
4.19379571064053105
3.59467903423262505
3.08114588434561131
2.64096308912524905
2.26363449304248310
1.94013672241275200
1.66266827447112587
1.42437323151314649
1.21895279854353438
1.03996986277814160
.87948022991723102
.72583109413914864
.56382300304759483
.38982439715365750
.23115033028026131
.11201814044426523
.03603144289676254
.00447255016623178
.00007365605440152
.00000002000000000
0
0
0
0
