9.90896059130320691
8.49339479218970998
7.28005267812231208
6.24004515041326467
5.34861012321920445
4.58452294836978032
3.92959106231763132
3.36822081906066660
2.88704618561572962
2.47461043444763346
2.12109319103143506
1.81807617864528090
1.55834168189807798
1.33569791962549790
1.14482462230871998
.98112872940385326
.84059072246387179
.71955827948059182
.61438828750072353
.52073400753082799
.43225114961663551
.33965456710244261
.23601725545050794
.13067385756234599
.04726121374172588
.00728302312350578
.00019299024656702
.00000013863621460
0
0
0
0
