47.50000000000000000
40.71428571692625700
34.89795919259525725
29.91253646758609250
25.63931701455515575
21.97655754780916375
18.83704959590714225
16.14604318963349175
13.83946730293466350
11.86240486193768275
10.16778648066686200
8.71527300172750400
7.47030320980297675
6.40329153648438125
5.48897549163945150
4.70594438105155317
4.03645387182878207
3.46679224586058165
2.98873579262530010
2.60249064229597767
2.31756346656065997
2.13616284436236667
2.02498926189549632
1.94538292117573212
1.89089131142726407
1.86516770176067727
1.86011012610364747
1.85993907778112440
1.85993888878516067
1.85993888878493020
1.85993888878493020
1.85993888878493020
