51.75000000000000000
44.35714285823052000
38.02040816694027025
32.58892129286481550
27.93336112560944475
23.94288100878425900
20.52246954699224475
17.59068846276299950
15.07773367319672150
12.92377349791632400
11.07752462459956300
9.49503241252726625
8.13862771914408237
6.97603850088359175
5.97964281516389337
5.12586498523675350
4.39474933101743200
3.76982056023552952
3.23850089620911165
2.79359377560064235
2.43597276207616287
2.17404630952234495
2.00729182708412175
1.91331866847063572
1.87136839969307295
1.86069766092503290
1.85994258355804550
1.85993888887300440
1.85993888878493020
1.85993888878493020
1.85993888878493020
1.85993888878493020
