39
33.42857143169754
28.653061235052217
24.55976679277962
21.051228729649566
18.043910466094072
15.466209289657327
13.256751623397804
11.36293198952141
9.739661101363598
8.348293830366714
7.155712920264393
6.133550153458878
5.257535298608741
4.506979661588645
3.8644378631232157
3.31567805373717
2.850288391944703
2.4636187851319
2.1608717196666323
1.9602242668643917
1.874083437152389
1.860255156159019
1.859939050047831
1.8599388887849722
1.8599388887849302
1.8599388887849302
1.8599388887849302
1.8599388887849302
1.8599388887849302
1.8599388887849302
1.8599388887849302
