10.23169096484056246
8.77002082618774251
7.51716070609709144
6.44328060002186390
5.52281192975280264
4.73383876383946886
4.05757599984656375
3.47792207516716477
2.98107553383960209
2.55520626248676341
2.19017342262199023
1.87728299771035888
1.60907826027518730
1.37915584645622975
1.18199720877601130
1.01279675262163683
.86724606265096455
.74118085709893643
.62988740979398132
.52675050719355754
.42157658746068273
.30363517583731827
.17959272806334389
.07866799494420930
.01924196600164650
.00131336159565064
.00000639953201413
0
0
0
0
0
