15.40292180074936302
13.20250439905231622
11.31643233803546559
9.69979913677738992
8.31411352031516624
7.12638295312659223
6.10832808343078799
5.23570937702640104
4.48774986382584672
3.84664014121410467
3.29711356684066559
2.82608081599692065
2.42231331193478247
2.07616348171842517
1.77930384342480595
1.52445042203569231
1.30499469636284288
1.11437621263970018
.94488703081153546
.78579733900197024
.62333800744860284
.45107698590561924
.28484552384384591
.14799133940442302
.05361116862297174
.00905656973726918
.00029659173616269
.00000032733774606
0
0
0
0
