1	10.56816137603996315258	2.61383057814913379
2	9.05842403560400366129	2.24042620940183697
3	7.76436345656328536903	1.92036532123421604
4	6.65516867068496730419	1.64602741540120677
5	5.70443027309760649064	1.41088063471304474
6	4.88951162215540956193	1.20932624052425288
7	4.19100985972243352741	1.03656530413278308
8	3.59229390795517760516	.88848443320879691
9	3.07910841458971354096	.76155780018314275
10	2.63923414646353850806	.65276310899721139
11	2.26219656790015441193	.55950942140863693
12	1.93901521781035017096	.47957492776575581
13	1.66198679023366284483	.41105268510034973
14	1.42449391238247950419	.35230178419732724
15	1.22082792783986768161	.30189966284164141
16	1.04600364721093067161	.25858673075497599
17	.89551808473232872000	.22118381096586090
18	.76494743303965938000	.18844348108179362
19	.64918901265454486451	.15879841161877400
20	.54128527695481897354	.13024728567684752
21	.43241610991777255548	.10189021924338680
22	.31792736335406254677	.07775626366941206
23	.20469759167671410677	.06165909938014510
24	.10618538337335610451	.04586393464338084
25	.03755855422836496419	.02381766418238950
26	.00654718234157998096	.00575523927983103
27	.00028023590723369838	.00032497476972835
28	.00000068812585144774	.00000104573419184
29	0	0
30	0	0
31	0	0
32	0	0
