1	10.96884339894978807451	3.40614344956184714
2	9.40186576942316794096	2.91955152778260235
3	8.05874208529004445870	2.50247273705727085
4	6.90749320893523102483	2.14497662913558238
5	5.92070844708048389387	1.83855138977561641
6	5.07489290995431438193	1.57590117452716248
7	4.34990809585062635129	1.35077239317494384
8	3.72849236944530098387	1.15780480218936783
9	3.19584988588475275612	.99240384824913892
10	2.73929809545218766741	.85063119435306330
11	2.34796524021282239387	.72911074877149819
12	2.01253014637335967870	.62494777482545767
13	1.72499687221718274451	.53565869038851862
14	1.47849571086328442967	.45910871541542606
15	1.26709792980622687032	.39345295176151594
16	1.08562015717558964516	.33707224742983969
17	.92936554330442120967	.28848512175862915
18	.79368419504179629000	.24619798520304629
19	.67313305759641677709	.20845177573307465
20	.56012914623432463483	.17304504538789491
21	.44475829262917022903	.13842976500395855
22	.32163092373145009419	.10631538455150341
23	.20030193571774075032	.07757685204031528
24	.09884200618142600709	.04900624578381045
25	.03239277311685455483	.02191133918200049
26	.00493325180564623612	.00476701936361286
27	.00017555469290456387	.00025061357624837
28	.00000036784595783000	.00000077905070438
29	0	0
30	0	0
31	0	0
32	0	0
1	10.96884339894978807451	3.40614344956184714
2	9.40186576942316794096	2.91955152778260235
3	8.05874208529004445870	2.50247273705727085
4	6.90749320893523102483	2.14497662913558238
5	5.92070844708048389387	1.83855138977561641
6	5.07489290995431438193	1.57590117452716248
7	4.34990809585062635129	1.35077239317494384
8	3.72849236944530098387	1.15780480218936783
9	3.19584988588475275612	.99240384824913892
10	2.73929809545218766741	.85063119435306330
11	2.34796524021282239387	.72911074877149819
12	2.01253014637335967870	.62494777482545767
13	1.72499687221718274451	.53565869038851862
14	1.47849571086328442967	.45910871541542606
15	1.26709792980622687032	.39345295176151594
16	1.08562015717558964516	.33707224742983969
17	.92936554330442120967	.28848512175862915
18	.79368419504179629000	.24619798520304629
19	.67313305759641677709	.20845177573307465
20	.56012914623432463483	.17304504538789491
21	.44475829262917022903	.13842976500395855
22	.32163092373145009419	.10631538455150341
23	.20030193571774075032	.07757685204031528
24	.09884200618142600709	.04900624578381045
25	.03239277311685455483	.02191133918200049
26	.00493325180564623612	.00476701936361286
27	.00017555469290456387	.00025061357624837
28	.00000036784595783000	.00000077905070438
29	0	0
30	0	0
31	0	0
32	0	0
