1	57.00806451612903225806	6.75894982268067207
2	48.86405530059035821774	5.79338556159308597
3	41.88347597458529844354	4.96575905101725272
4	35.90012227061434277419	4.25636489639145197
5	30.77153339166706429838	3.64831275703743711
6	26.37560009250177191129	3.12712519182823476
7	22.60765732931709903225	2.68039294972701507
8	19.37799226680703970161	2.29747949004087945
9	16.60970833873121387903	1.96926767751910174
10	14.23689458017519344354	1.68794257170699271
11	12.20305683045360171774	1.44680501400991481
12	10.45977392402307313258	1.24011125925670125
13	8.96554805793998120161	1.06293404002040042
14	7.68482494652831997548	.91103975775471622
15	6.58716793520039421322	.78077385958003124
16	5.64658517703497627838	.66893917507951321
17	4.84104008231908064774	.57263394358867627
18	4.15224200444467907483	.48897732051804642
19	3.56593057388915667774	.41460009965649758
20	3.07286718311847973548	.34493280002119427
21	2.66957993387450048322	.27464148712884302
22	2.35493430668196580806	.20220023159439677
23	2.12475391094618551709	.13259642067691031
24	1.97409022477221122161	.07225507215009967
25	1.89426311621776032709	.02809407117516630
26	1.86525513055799036806	.00547211187516117
27	1.86014655853762203258	.00025713086450288
28	1.85993936087114151387	.00000069897067177
29	1.85993888878860531451	0
30	1.85993888878493020000	0
31	1.85993888878493020000	0
32	1.85993888878493020000	0
