1	54.37903225806451612903	6.03580411557068860
2	46.61059907965612758870	5.17354638401040813
3	39.95194207159290876612	4.43446832722407577
4	34.24452178401335097580	3.80097284704540563
5	29.35244726452657595967	3.25797671378143175
6	25.15924056562377710483	2.79255143804671080
7	21.56506347604422284677	2.39361544038530672
8	18.48434046042571817741	2.05167018093648934
9	15.84372124721741103225	1.75857394521112842
10	13.58033464746707845967	1.50734784620124435
11	11.64029226178948364516	1.29200928836032899
12	9.97740703709359396322	1.10742858678157717
13	8.55209764376787778129	.94920446699884161
14	7.33045631882011229806	.81355331407911824
15	6.28346736554738130129	.69720409509962870
16	5.38638118024865687225	.59728292655249307
17	4.61828672414031777548	.51115181425820045
18	3.96200803891688912419	.43612520301245642
19	3.40459463617967846419	.36894305037907674
20	2.93866746804672256483	.30509706273119744
21	2.56334762475422837870	.23965353770585636
22	2.27929739075734654903	.17246907077843580
23	2.07965121186908069290	.10993532747393191
24	1.95285881015611035612	.05877271609408399
25	1.88682766470285569838	.02316260025501713
26	1.86375055953328313161	.00464362946192415
27	1.86006802865027671741	.00021834323124383
28	1.85993914301639124741	.00000058697529760
29	1.85993888878678737064	0
30	1.85993888878493020000	0
31	1.85993888878493020000	0
32	1.85993888878493020000	0
