51.50000000000000000
44.14285714385173400
37.83673469723804625
32.43148688967110575
27.79841734995109525
23.82721491159976025
20.42332716848793650
17.50570925726010700
15.00489429385736425
12.86133959204996625
11.02400946448617125
9.44916130785729600
8.09930718999294975
6.94232903930721050
5.95073348420039500
5.10104648206893575
4.37337798142044325
3.75125566887847300
3.22197660632548987
2.77796187881732372
2.41936917997200837
2.15454827745542385
1.98747741757999760
1.90132149097919745
1.86751897222194905
1.86028721878207552
1.85993966988585337
1.85993888878886660
1.85993888878493020
1.85993888878493020
1.85993888878493020
1.85993888878493020
