58.25000000000000000
49.92857142936881000
42.79591837004111675
36.68221575081977175
31.44189922777364300
26.95019937033135950
23.10017097015183850
19.80014675084352900
16.97155487479687575
14.54704833904601150
12.46890186327247325
10.68763845691769450
9.16085386291122750
7.85221315250358375
6.73060128027033225
5.76942167937437775
4.94606177005545357
4.24159869556610565
3.64092888377989210
3.13362629679825320
2.71529353044444697
2.38557390064795787
2.13861038124907730
1.96953928149018250
1.88371021529188715
1.86146815356969987
1.85994627933321780
1.85993888896107860
1.85993888878493020
1.85993888878493020
1.85993888878493020
1.85993888878493020
