73
62.57142857150126
53.63265306147008
45.97084548172226
39.403581842641685
33.77449872520316
28.949570343299122
24.81391745580055
21.26907215209357
18.230633392046308
15.626257492810373
13.393935749386795
11.480518261829731
9.84044902865473
8.434682710425445
7.229758585324756
6.197012958507067
5.311919614933344
4.553563603358066
3.904288429319508
3.349638509418793
2.8789063475315495
2.48695491701372
2.1781683904637794
1.9700030790836285
1.876761776886262
1.8603845807248582
1.8599392089800324
0
