50
50
50
50
50
50
50
50
50
50
50
50
50
50
50
50
50
50
50
50
50
50
42.85714285784686
36.73469387992968
31.486880472987608
26.98875470242018
23.133218344824133
19.828472938767632
16.995834128506154
14.567858280825591
12.486736820128325
10.702920176405913
9.173938897550057
7.863394650502526
6.740099087487486
5.777345115473087
4.952305915764946
4.2455793141941935
3.640946309436817
3.12553291638275
2.690827296143772
2.3354020192120766
2.069572079497193
1.9139129002349522
1.8642965576653308
1.8599693273013487
1.8599388902792744
0
