11.03120573645510429
9.45531920161772410
8.10455931300425498
6.94676511870430909
5.95437008478128268
5.10374574417531992
4.37463910141779368
3.74969038633684570
3.21401964521010073
2.75487225193660991
2.36131471151427472
2.02397304027217476
1.73480630192951187
1.48690690405942981
1.27431534193894995
1.09182603368467782
.93473269096177651
.79839498267706948
.67737765160546385
.56384039550481766
.44607475612559301
.31464759502330689
.18358443145392593
.08182857327294879
.02107191991039046
.00150441955603814
.00000738854045126
0
0
0
0
0
