8.87411967464942406
7.60638829181871932
6.51976139112668444
5.58836690198780247
4.79002876130039312
4.10573890842157193
3.51920470341205165
3.01646098463862045
2.58553750844398327
2.21617380092008621
1.89957450177095464
1.62819904538729556
1.39557984024742289
1.19616252262066605
1.02515920761750032
.87839801429760747
.75213242905671104
.64272684484181970
.54603809658092513
.45622594004786263
.36438791539421244
.26161949043388940
.15353749598100370
.06345033911813639
.01295589604299370
.00060324163806057
.00000135290428338
0
0
0
0
0
