51.00000000000000000
43.71428571514040900
37.46938775798986100
32.11661808371169975
27.52852979974281900
23.59588272005076225
20.22504241861171450
17.33575086425791200
14.85921558059271375
12.73647189484806675
10.91697943307509075
9.35741982681423300
8.02066796820425350
6.87491474725521475
5.89292650087038825
5.05143892985983725
4.33070959170017625
3.71431353411597492
3.18940300575127305
2.74790547675666917
2.38921250481342312
2.12249014015681492
1.95755653016584212
1.88175290363223342
1.86157712499755430
1.85995174003343532
1.85993888978973700
1.85993888878493020
1.85993888878493020
1.85993888878493020
1.85993888878493020
1.85993888878493020
