50.00000000000000000
42.85714285821172100
36.73469388116247025
31.48688047636432125
26.98875471116476700
23.13321836707166275
19.82847299503640250
16.99583427053964450
14.56785863910488350
12.48673772368016025
10.70292245490987700
9.17394464310973875
7.86340913832291375
6.74013561743752550
5.77743720832588450
4.95253797587092900
4.24616327106533357
3.64240989025073980
3.12915829711355660
2.69950820812596107
2.35431148378443612
2.10191005257738650
1.94687528133876880
1.87804576146401565
1.86136026949816852
1.85995136551771272
1.85993888978882045
1.85993888878493020
1.85993888878493020
1.85993888878493020
1.85993888878493020
1.85993888878493020
