43
36.85714285888299
31.591836740573378
27.078717217270547
23.210329071276036
19.89456784573607
17.052486902329708
14.6164177922235
12.528359235718574
10.738596475257138
9.20451843761703
7.889605320064239
6.76256445586856
5.796598826290805
4.968803249777492
4.259705154355156
3.653017107989764
3.135786470693492
2.699386453637567
2.3421914828634307
2.074220933378545
1.9160255774671138
1.864630882198739
1.8599741601743278
1.8599388907914607
1.8599388887849302
1.8599388887849302
1.8599388887849302
1.8599388887849302
1.8599388887849302
1.8599388887849302
1.8599388887849302
