6.74536878161602073
5.78174466907141498
4.95578114268627999
4.24781240238834941
3.64098204499713573
3.12084171706554664
2.67500709580934528
2.29286299741066423
1.96531056679449729
1.68455046737866440
1.44389675178663952
1.23761658636198172
1.06079101633027526
.90919094419076319
.77915904772563204
.66747899414479344
.57118970094278649
.48724730932142697
.41183398175470516
.33908986122223927
.26026058003526554
.17006708199834658
.08391371709098936
.02511419909583540
.00240353774871126
.00002160479414389
0
0
0
0
0
0
