6.32455532033675866
5.42104741686517484
4.64661207017064926
3.98281034225948996
3.41383742714187575
2.92614634322386035
2.50812537930946356
2.14982160809624177
1.84270386836843256
1.57945953280553957
1.35382012218315001
1.16041136086173139
.99462346542479800
.85249696992980650
.73061731935152892
.62600554780243564
.53597707136506916
.45790338277789736
.38873041248328317
.32399569253881357
.25637876868701522
.17693552675635286
.08941759186212039
.02494856839806965
.00231214513896943
.00002139742133996
0
0
0
0
0
0
