43.00000000000000000
36.85714286054004100
31.59183674617218050
27.07871723260606150
23.21032911098998175
19.89456794677422675
17.05248715787682225
14.61641843727480050
12.52836086285888950
10.73860057877009975
9.20452878548493825
7.88963141333835575
6.76263024967587450
5.79676470439512375
4.96922131346047900
4.26075773175312012
3.65565932745199075
3.14236139346873515
2.71533927695281620
2.37824915292596937
2.14207930386116402
2.00217742612644480
1.92295858822461060
1.87832946258929017
1.86190963400258680
1.85996366609009522
1.85993889274523855
1.85993888878493030
1.85993888878493020
1.85993888878493020
1.85993888878493020
1.85993888878493020
