51.75000000000000000
44.35714285873677650
38.02040816865080000
32.58892129755008900
27.93336113774276350
23.94288103965322125
20.52246962506645900
17.59068865983773475
15.07773417031741150
12.92377475161463550
11.07752778607109150
9.49504038458451400
8.13864782103676700
6.97608918486277525
5.97977058003462550
5.12618685480341012
4.39555870400291862
3.77184485548907420
3.24348491078842845
2.80532788456176977
2.46046909271827427
2.21281426560175430
2.04625294038320345
1.93827321749349695
1.88179709266997007
1.86252781400049982
1.85998141450487865
1.85993890044977985
1.85993888878493107
1.85993888878493020
1.85993888878493020
1.85993888878493020
