41
35.14285714517288
30.122448987416185
25.819242003938726
22.13077889764949
18.969239148757588
16.25934807789071
13.9365846621156
11.945645497354342
10.239128497619996
8.776405400955486
7.522657271735636
6.448052643894874
5.527055311932931
4.737861841710456
4.061996955280918
3.484160486145906
2.9925722637221766
2.5803772155903744
2.249016244277931
2.0127317726768594
1.8906526622704898
1.8613958552684815
1.8599423055502575
1.8599388888037602
1.8599388887849302
1.8599388887849302
1.8599388887849302
1.8599388887849302
1.8599388887849302
1.8599388887849302
1.8599388887849302
