13.25471614181156276
11.36118526305584515
9.73815879349056945
8.34699324295340161
7.15456561510613914
6.13248475820093091
5.25641536897742406
4.50549853957955915
3.86185501325165143
3.31015922640738721
2.83727375526398913
2.43193485838170742
2.08448010287853393
1.78660774676801379
1.53115248431325834
1.31184803188792873
1.12301129514307080
.95900034005002760
.81315099745342782
.67592196818370992
.53396431340767047
.37938716142865621
.23033595250379361
.11338656091803490
.03641512415193376
.00447822640526581
.00007365660947939
.00000002000000000
0
0
0
0
