10.07472083980494220
8.63547500346594523
7.40183571200864655
6.34443059705993701
5.43808333553936777
4.66121420346064062
3.99532624792807036
3.42456482032572881
2.93533992539199795
2.51600224823383627
2.15656477685660745
1.84846246242107471
1.58434185166908578
1.35786978382429096
1.16354179402581532
.99644886469682371
.85190808754159914
.72475249629666993
.60796206569555013
.49097257813827909
.36251609128697669
.22661565913279196
.10830534080024474
.03185143543198453
.00341343083488299
.00004291555137709
.00000000632455532
0
0
0
0
0
