64.75000000000000000
55.50000000018239750
47.57142857204484625
40.77551020576964725
34.95043732215565175
29.95751771207940250
25.67787234323536900
22.00960491252218175
18.86537575754848725
16.17032237606527100
13.86027707420621800
11.88023938809733400
10.18306711345136450
8.72835529543315850
7.48147779475355550
6.41277190394648575
5.49685489725819625
4.71207710179922037
4.04015060722338045
3.46607284341311502
2.97864140149943842
2.57215156837074282
2.24970597115247767
2.02450287776385207
1.90479156471483892
1.86574117662704282
1.86011123095650930
1.85993907778573702
1.85993888878516067
1.85993888878493020
1.85993888878493020
1.85993888878493020
