63.50000000000000000
54.42857142877961900
46.65306122519322875
39.98833819434656850
34.27571845563518775
29.37918725610482275
25.18216052645853900
21.58470907620237525
18.50117934314004925
15.85815406302674625
13.59270434079257925
11.65089159901900150
9.98648397037037550
8.55985716342806037
7.33705512346572075
6.28899188203925250
5.39078505852887650
4.62122892493430545
3.96245377841500475
3.39990806366646717
2.92299156903397472
2.52693933959310867
2.21604865819367725
2.00327903708152087
1.89390987065060750
1.86261673008789677
1.85996016306002895
1.85993889036329207
1.85993888878493025
1.85993888878493020
1.85993888878493020
1.85993888878493020
