54
46.285714286157926
39.67346938925406
34.005830907895835
29.147855071024036
24.983875793100594
21.41475072503126
18.355500735510425
15.733286632327449
13.485674981510996
11.55915181291161
9.907849022510462
8.492453647599417
7.2792753056556245
6.239452770758001
5.348288804023417
4.58471755249849
3.9309423533403973
3.3723605077506553
2.8980727769830117
2.5026291760700463
2.1898834615218172
1.976782346706591
1.8787333485744129
1.8604936256050317
1.8599393847501755
1.859938888785327
1.8599388887849302
1.8599388887849302
1.8599388887849302
1.8599388887849302
1.8599388887849302
