5.93717104351895861
5.08900375145119718
4.36200321518544407
3.73885989786254772
3.20473705312240474
2.74691746858671865
2.35450067344520616
2.01814339929358185
1.72983711091561967
1.48271730053131510
1.27089998071110212
1.08934142194057884
.93371764146599707
.80032038635032151
.68596615665527107
.58791363990144401
.50378139668426123
.43144833510668337
.36889637875169754
.31390153991862555
.26338449192387240
.21225221914606035
.15297979120697772
.08341958159854831
.02536608191420346
.00247366873816200
.00002293527654073
0
0
0
0
0
