6.37867541108653685
5.46743606654429740
4.68637377106822676
4.01689180312860163
3.44305011534303315
2.95118580905519096
2.52958782600448489
2.16821811053056849
1.85847260049405044
1.59297634910137094
1.36540788162884456
1.17034855979226471
1.00315325304628585
.85983894972942087
.73698793030580335
.63166136875186305
.54131670312132661
.46371527097120861
.39678941563501375
.33839744612354396
.28581435583908917
.23475742218596084
.17849117491352629
.11188813030645690
.04679904248315813
.00873965721731979
.00029595593065522
.00000032733774606
0
0
0
0
